0101000001000000000000000000000000000000000010001010000000000000  
0101000111100000000000000000000000000000000000000010000000000000  
0100100000000111100000000000000000000000000001100011110110000000  
0101000111000000000000000000000000000000000000000010000000000000  
0101000010000111000000000000000000000000000000000010000000000000  
0101000010100000000000000000000000000000000000000010000000000000  
1000000010100111000010100011011000000000000000000010000110000000  
0100000010100010100000000000000000000000000000000011110110000000  
0101000001100001000000000000000000000000000011110010000000000000  
1000000001100001100000000011011000000000000000000010000110000000  
1111110010000000000000000000000000000000000000000000000000000000  
0100100001100010100000000000000000000000000000000011110110000000  
0101000010100000000000000000000000000000000000001010000000000000  
1000000011000010000010100011011000000000000000000010000110000000  
0100000011000011000000000000000000000000000000000011110110000000  
0101000001100001000000000000000000000000000011101010000000000000  
1000000001100001100000000011011000000000000000000010000110000000  
1111110010000000000000000000000000000000000000000000000000000000  
0100100001100011000000000000000000000000000000000011110110000000  
0101000011000000000000000000000000000000000000010010000000000000  
1000000011100010000011000011011000000000000000000010000110000000  
0100000011100011100000000000000000000000000000000011110110000000  
0101000001100001000000000000000000000000000011100010000000000000  
1000000001100001100000000011011000000000000000000010000110000000  
1111110010000000000000000000000000000000000000000000000000000000  
0100100001100011100000000000000000000000000000000011110110000000  
0101000011100000000000000000000000000000000000011010000000000000  
1000000010000010000011100011011000000000000000000010000110000000  
0100000010000010000000000000000000000000000000000011110110000000  
0101000001100001000000000000000000000000000011011010000000000000  
1000000001100001100000000011011000000000000000000010000110000000  
1111110010000000000000000000000000000000000000000000000000000000  
0100100001100010000000000000000000000000000000000011110110000000  
0011101000010000000000000011011000110110000000000011111110000000  
0101000001100001000000000000000000000000000011010010000000000000  
1000000001100001100000000011011000000000000000000010000110000000  
1111110010000000000000000000000000000000000000000000000000000000  
0100100001101000000000000000000000000000000000000011110110000000  
0101000010000000000000000000000000000000000000000010000000000000  
0101000111000010000000000000000000000000000000100010000000000000  
0011101000000000000000000011011000110110000000000011110110000000  
0011101010001000000000000011011000110110001101100011111110000000  
0101000010000000000000000000000000000000000000000010000000000000  
0101000100000000000000000000000000000000000000100010000000000000  
1000000010000010000100000011011000000000000000000010000110000000  
0100000010000010000000000000000000000000000000000011110110000000  
0101000001100001000000000000000000000000000011001010000000000000  
1000000001100001100000000011011000000000000000000010000110000000  
1111110010000000000000000000000000000000000000000000000000000000  
0100100001100010000000000000000000000000000000000011110110000000  
0101000010100000000000000000000000000000000000001010000000000000  
1000000010000111000010100011011000000000000000000010000110000000  
0100000010000010000000000000000000000000000000000011110110000000  
0101000001100001000000000000000000000000000011000010000000000000  
1000000001100001100000000011011000000000000000000010000110000000  
1111110010000000000000000000000000000000000000000000000000000000  
0100100001100010000000000000000000000000000000000011110110000000  
0101000011000000000000000000000000000000000000010010000000000000  
1000000010000111000011000011011000000000000000000010000110000000  
0100000010000010000000000000000000000000000000000011110110000000  
0101000001100001000000000000000000000000000010111010000000000000  
1000000001100001100000000011011000000000000000000010000110000000  
1111110010000000000000000000000000000000000000000000000000000000  
0100100001100010000000000000000000000000000000000011110110000000  
0101000011100000000000000000000000000000000000011010000000000000  
1000000010000111000011100011011000000000000000000010000110000000  
0100000010000010000000000000000000000000000000000011110110000000  
0101000001100001000000000000000000000000000010110010000000000000  
1000000001100001100000000011011000000000000000000010000110000000  
1111110010000000000000000000000000000000000000000000000000000000  
0100100001100010000000000000000000000000000000000011110110000000  
0101000001100001000000000000000000000000000011010010000000000000  
1000000111100001100000000011011000000000000000000010000110000000  
0100000111100111100000000000000000000000000000000011110110000000  
0101000001100001000000000000000000000000000011011010000000000000  
1000001000000001100000000011011000000000000000000010000110000000  
0100001000001000000000000000000000000000000000000011110110000000  
0101000001100001000000000000000000000000000011100010000000000000  
1000001000100001100000000011011000000000000000000010000110000000  
0100001000101000100000000000000000000000000000000011110110000000  
0101000001100001000000000000000000000000000011101010000000000000  
1000001001000001100000000011011000000000000000000010000110000000  
0100001001001001000000000000000000000000000000000011110110000000  
0101000001100001000000000000000000000000000011110010000000000000  
1000001001100001100000000011011000000000000000000010000110000000  
0100001001101001100000000000000000000000000000000011110110000000  
1001101010000111101000000011011000110110001101100000011110000000  
1001101010000111101000100011011000110110001101100000101110000000  
1001101010000111101001000011011000110110001101100001001110000000  
1001101010000111101001100011011000110110001101100010001110000000  
0011101000001010000000000011011000110110000000000011111110000000  
0101000001100001000000000000000000000000000011110010000000000000  
1000000001100001100000000011011000000000000000000010000110000000  
1111110010000000000000000000000000000000000000000000000000000000  
0100100001101000000000000000000000000000000000000011110110000000  
0101000010000000000000000000000000000000000000000010000000000000  
0101000111000010000000000000000000000000000001000010000000000000  
0011101000000000000000000011011000110110000000000011110110000000  
0011101010001000000000000011011000110110001101100011111110000000  
0101000010000000000000000000000000000000000000000010000000000000  
0101000100000000000000000000000000000000000001000010000000000000  
1000000010000010000100000011011000000000000000000010000110000000  
0100000010000010000000000000000000000000000000000011110110000000  
0101000001100001000000000000000000000000000011101010000000000000  
1000000001100001100000000011011000000000000000000010000110000000  
1111110010000000000000000000000000000000000000000000000000000000  
0100100001100010000000000000000000000000000000000011110110000000  
0101000010100000000000000000000000000000000000001010000000000000  
1000000010000111000010100011011000000000000000000010000110000000  
0100000010000010000000000000000000000000000000000011110110000000  
0101000001100001000000000000000000000000000011100010000000000000  
1000000001100001100000000011011000000000000000000010000110000000  
1111110010000000000000000000000000000000000000000000000000000000  
0100100001100010000000000000000000000000000000000011110110000000  
0101000011000000000000000000000000000000000000010010000000000000  
1000000010000111000011000011011000000000000000000010000110000000  
0100000010000010000000000000000000000000000000000011110110000000  
0101000001100001000000000000000000000000000011011010000000000000  
1000000001100001100000000011011000000000000000000010000110000000  
1111110010000000000000000000000000000000000000000000000000000000  
0100100001100010000000000000000000000000000000000011110110000000  
0101000011100000000000000000000000000000000000011010000000000000  
1000000010000111000011100011011000000000000000000010000110000000  
0100000010000010000000000000000000000000000000000011110110000000  
0101000001100001000000000000000000000000000011010010000000000000  
1000000001100001100000000011011000000000000000000010000110000000  
1111110010000000000000000000000000000000000000000000000000000000  
0100100001100010000000000000000000000000000000000011110110000000  
0101000001100001000000000000000000000000000011110010000000000000  
1000000111100001100000000011011000000000000000000010000110000000  
0100000111100111100000000000000000000000000000000011110110000000  
0101000001100001000000000000000000000000000010110010000000000000  
1000001000000001100000000011011000000000000000000010000110000000  
0100001000001000000000000000000000000000000000000011110110000000  
0101000001100001000000000000000000000000000010111010000000000000  
1000001000100001100000000011011000000000000000000010000110000000  
0100001000101000100000000000000000000000000000000011110110000000  
0101000001100001000000000000000000000000000011000010000000000000  
1000001001000001100000000011011000000000000000000010000110000000  
0100001001001001000000000000000000000000000000000011110110000000  
0101000001100001000000000000000000000000000011001010000000000000  
1000001001100001100000000011011000000000000000000010000110000000  
0100001001101001100000000000000000000000000000000011110110000000  
1001101010000111101000000011011000110110001101100000011110000000  
1001101010000111101000100011011000110110001101100000101110000000  
1001101010000111101001000011011000110110001101100001001110000000  
1001101010000111101001100011011000110110001101100010001110000000  
0011101000001010000000000011011000110110000000000011111110000000  
0011100111001000000000000011011000110110001101100011111110000000  
0011101000000000000000000011011000110110000000000011110110000000  
0011101010001000000000000011011000110110001101100011111110000000  
0011100111100111000000000011011000110110001101100011111110000000  
0101000001100001000000000000000000000000000011010010000000000000  
1000001000000001100000000011011000000000000000000010000110000000  
0100001000001000000000000000000000000000000000000011110110000000  
0101000001100001000000000000000000000000000011011010000000000000  
1000001000100001100000000011011000000000000000000010000110000000  
0100001000101000100000000000000000000000000000000011110110000000  
0101000001100001000000000000000000000000000011100010000000000000  
1000001001000001100000000011011000000000000000000010000110000000  
0100001001001001000000000000000000000000000000000011110110000000  
0101000001100001000000000000000000000000000011101010000000000000  
1000001001100001100000000011011000000000000000000010000110000000  
0100001001101001100000000000000000000000000000000011110110000000  
1001101010000111101000000011011000110110001101100000011110000000  
1001101010000111101000100011011000110110001101100000101110000000  
1001101010000111101001000011011000110110001101100001001110000000  
1001101010000111101001100011011000110110001101100010001110000000  
0011101000001010000000000011011000110110000000000011111110000000  
0101000001100001000000000000000000000000000011110010000000000000  
1000000001100001100000000011011000000000000000000010000110000000  
1111110010000000000000000000000000000000000000000000000000000000  
0100100001101000000000000000000000000000000000000011110110000000  
0011101000000000000000000011011000110110000000000011110110000000  
0011100111001000000000000011011000110110001101100011111110000000  
0011101000000000000000000011011000110110000000000011110110000000  
0011101000101000000000000011011000110110001101100011111110000000  
0101000001100001000000000000000000000000000011110010000000000000  
1000000111100001100000000011011000000000000000000010000110000000  
0100000111100111100000000000000000000000000000000011110110000000  
0011101000000111000000000011011000110110001101100011111110000000  
0101001000000000000111100001000111101011100001010010001110000000  
1101100111101000000000000000000101111111100000000100001110000000  
0101000111100000000111100001000111101011100001010000011110000000  
0011101000000111100000000011011110110110000000000010001110000000  
0001001000001000000000000011011000110110000000000011111000000000  
0011101000101000000000000011011000110110000000000011111110000000  
1000100111100111101000000000000000110110001101100011111110000000  
0101000111100111100111111100000000000000000000000011001100000000  
0101001000000000001000011001000000000000000000000010001000000000  
0101001000000000001000010111100000000000000000000001001010000000  
1000100111100111101000000000000000110110001101100011001010000000  
0101001000000000000000000000000000000000000000000010001000000000  
0101001000000000000000000000000000000000000000000001001010000000  
1000000111100111101000000000000000110110001101100011001010000000  
0101001000000000000111111100000000000000000000000000101110000000  
0101001000000000000111111100000000000000000000000000011110000000  
1000101000000111101000000000000000110110001101100000111110000000  
1000000111101000001000000000000000110110001111100000101110000000  
0101001000000000000111111000000000000000000000000010001010000000  
1000100111100111101000000000000000110110001001100000101110000000  
0011100111101000100000000011011000110110000000000000010110000000  
0011110000000111100000000011011000110110000000000011110110000000  
0111000000000000000000000000000000000000000000000000000000000000  
