1.000000
0.000000
0.000000
0.000000       
0.000000
0.707382
-0.706818        
0.000000        
0.000000                
0.706818       
0.707382
0.000000        
10.000000
10.000000
10.000000
0.000000
0.000000
0.000000
5.000000
0.000000
0.799988
0.799988 
0.799988 
1.000000
1.000000
1.000000
1.000000
1.000000
1.000000
1.000000
1.000000
1.000000
1.000000
1.000000
1.000000
0.000000
5.000000
0.000000
0.000000
0.000000
1.000000
1.000000
1.000000
1.000000
0.699997
0.699997
0.699997
1.000000
1.000000        
0.000000        
0.000000        
0.000000       
0.000000        
0.707382        
-0.706818       
0.000000       
0.000000        
0.706818        
0.707382        
0.000000       
0.000000        
0.000000        
0.000000        
1.000000 
1.000000
0.000000
0.000000
0.000000
0.000000
1.000000
0.000000
0.000000
0.000000
0.000000
1.000000
0.000000
0.000000
0.000000
-5.000000
1.000000
1.810715        
0.000000        
0.000000        
0.000000       
0.000000        
2.414505        
0.000000        
0.000000       
0.000000        
0.000000        
-1.000992       
-1.000000      
0.000000        
0.000000        
-0.200073       
0.000000  
0.000000        
0.000000       
0.000000        
0.000000          
0.000000       
0.000000        
0.000000          
0.000000       
0.000000        
0.000000          
0.000000       
0.000000        
0.000000  
0.000000        
0.000000       
0.000000        
0.000000  
0.000000        
0.000000       
0.000000        
0.000000  
0.000000        
0.000000       
0.000000        
0.000000  
0.000000        
0.000000       
0.000000        
0.000000  
0.000000        
0.000000       
0.000000        
0.000000  
0.000000        
0.000000       
0.000000        
0.000000  
0.000000        
0.000000       
0.000000        
0.000000  
0.000000        
0.000000       
0.000000        
0.000000  
0.000000        
0.000000       
0.000000        
0.000000  
0.000000        
0.000000       
0.000000        
0.000000  
0.000000        
0.000000       
0.000000        
0.000000  
0.000000        
0.000000       
0.000000        
0.000000  
0.000000        
0.000000       
0.000000        
0.000000  
0.000000        
0.000000       
0.000000        
0.000000  
0.000000        
0.000000       
0.000000        
0.000000  
0.000000        
0.000000       
0.000000        
0.000000  
0.000000        
0.000000       
0.000000        
0.000000  
0.000000        
0.000000       
0.000000        
0.000000  
0.000000        
0.000000       
0.000000        
0.000000  
0.000000        
0.000000       
0.000000        
0.000000  
0.000000        
0.000000       
0.000000        
0.000000  
