color_light 0.441528 5.155518 4.212662 0.154556
gl_Position0 -1.810715 3.414581 4.804306 4.999435
---------------------------------------------------
color_light 0.441528 5.155518 4.212662 0.154556
gl_Position0 1.810715 3.414581 4.804306 4.999435
---------------------------------------------------
color_light 0.441528 5.155518 4.212662 0.154556
gl_Position0 1.810715 -0.001373 3.389282 3.585800
---------------------------------------------------
color_light 0.441528 5.155518 4.212662 0.221237
gl_Position0 -1.810715 3.414581 4.804306 4.999435
---------------------------------------------------
color_light 0.441528 5.155518 4.212662 0.221237
gl_Position0 1.810715 -0.001373 3.389282 3.585800
---------------------------------------------------
color_light 0.441528 5.155518 4.212662 0.221237
gl_Position0 -1.810715 -0.001373 3.389282 3.585800
---------------------------------------------------
color_light 0.333328 0.333328 0.333328 0.066666
gl_Position0 -1.810715 0.001358 6.220474 6.414200
---------------------------------------------------
color_light 0.333328 0.333328 0.333328 0.066666
gl_Position0 1.810715 -3.414597 4.805450 5.000565
---------------------------------------------------
color_light 0.333328 0.333328 0.333328 0.066666
gl_Position0 1.810715 0.001358 6.220474 6.414200
---------------------------------------------------
color_light 0.333328 0.333328 0.333328 0.051956
gl_Position0 -1.810715 0.001358 6.220474 6.414200
---------------------------------------------------
color_light 0.333328 0.333328 0.333328 0.051956
gl_Position0 -1.810715 -3.414597 4.805450 5.000565
---------------------------------------------------
color_light 0.333328 0.333328 0.333328 0.051956
gl_Position0 1.810715 -3.414597 4.805450 5.000565
---------------------------------------------------
color_light 0.333328 0.333328 0.333328 0.051956
gl_Position0 1.810715 -3.414597 4.805450 5.000565
---------------------------------------------------
color_light 0.333328 0.333328 0.333328 0.051956
gl_Position0 -1.810715 -0.001373 3.389282 3.585800
---------------------------------------------------
color_light 0.333328 0.333328 0.333328 0.051956
gl_Position0 1.810715 -0.001373 3.389282 3.585800
---------------------------------------------------
color_light 0.333328 0.333328 0.333328 0.092957
gl_Position0 -1.810715 -0.001373 3.389282 3.585800
---------------------------------------------------
color_light 0.333328 0.333328 0.333328 0.092957
gl_Position0 1.810715 -3.414597 4.805450 5.000565
---------------------------------------------------
color_light 0.333328 0.333328 0.333328 0.092957
gl_Position0 -1.810715 -3.414597 4.805450 5.000565
---------------------------------------------------
color_light 0.333328 0.335205 0.334824 0.092957
gl_Position0 1.810715 0.001358 6.220474 6.414200
---------------------------------------------------
color_light 0.333328 0.335205 0.334824 0.092957
gl_Position0 1.810715 3.414581 4.804306 4.999435
---------------------------------------------------
color_light 0.333328 0.335205 0.334824 0.092957
gl_Position0 -1.810715 3.414581 4.804306 4.999435
---------------------------------------------------
color_light 0.333328 0.335205 0.334824 0.066666
gl_Position0 -1.810715 3.414581 4.804306 4.999435
---------------------------------------------------
color_light 0.333328 0.335205 0.334824 0.066666
gl_Position0 -1.810715 0.001358 6.220474 6.414200
---------------------------------------------------
color_light 0.333328 0.335205 0.334824 0.066666
gl_Position0 1.810715 0.001358 6.220474 6.414200
---------------------------------------------------
color_light 0.339584 3.672928 3.006210 0.075607
gl_Position0 1.810715 -0.001373 3.389282 3.585800
---------------------------------------------------
color_light 0.339584 3.672928 3.006210 0.075607
gl_Position0 1.810715 0.001358 6.220474 6.414200
---------------------------------------------------
color_light 0.339584 3.672928 3.006210 0.075607
gl_Position0 1.810715 -3.414597 4.805450 5.000565
---------------------------------------------------
color_light 0.339584 3.672928 3.006210 0.060913
gl_Position0 1.810715 0.001358 6.220474 6.414200
---------------------------------------------------
color_light 0.339584 3.672928 3.006210 0.060913
gl_Position0 1.810715 -0.001373 3.389282 3.585800
---------------------------------------------------
color_light 0.339584 3.672928 3.006210 0.060913
gl_Position0 1.810715 3.414581 4.804306 4.999435
---------------------------------------------------
color_light 0.333328 0.333328 0.333328 0.066666
gl_Position0 -1.810715 -0.001373 3.389282 3.585800
---------------------------------------------------
color_light 0.333328 0.333328 0.333328 0.066666
gl_Position0 -1.810715 -3.414597 4.805450 5.000565
---------------------------------------------------
color_light 0.333328 0.333328 0.333328 0.066666
gl_Position0 -1.810715 0.001358 6.220474 6.414200
---------------------------------------------------
color_light 0.333328 0.333328 0.333328 0.051956
gl_Position0 -1.810715 3.414581 4.804306 4.999435
---------------------------------------------------
color_light 0.333328 0.333328 0.333328 0.051956
gl_Position0 -1.810715 -0.001373 3.389282 3.585800
---------------------------------------------------
color_light 0.333328 0.333328 0.333328 0.051956
gl_Position0 -1.810715 0.001358 6.220474 6.414200
---------------------------------------------------
