texcoord0 0.000000 1.000000 0.000000 1.000000
gl_Position -1.810165 3.414581 4.779770 4.974915
---------------------------------------------------
texcoord0 1.000000 1.000000 0.000000 1.000000
gl_Position 1.810150 3.414581 4.828888 5.023987
---------------------------------------------------
texcoord0 1.000000 0.000000 0.000000 1.000000
gl_Position 1.872986 -0.001373 3.414276 3.610779
---------------------------------------------------
texcoord0 0.000000 1.000000 0.000000 1.000000
gl_Position -1.810165 3.414581 4.779770 4.974915
---------------------------------------------------
texcoord0 1.000000 0.000000 0.000000 1.000000
gl_Position 1.872986 -0.001373 3.414276 3.610779
---------------------------------------------------
texcoord0 0.000000 0.000000 0.000000 1.000000
gl_Position -1.747345 -0.001373 3.365158 3.561707
---------------------------------------------------
texcoord0 1.000000 1.000000 0.000000 1.000000
gl_Position -1.873032 0.001358 6.195496 6.389236
---------------------------------------------------
texcoord0 0.000000 0.000000 0.000000 1.000000
gl_Position 1.810120 -3.414597 4.830002 5.025101
---------------------------------------------------
texcoord0 0.000000 0.999985 0.000000 1.000000
gl_Position 1.747299 0.001358 6.244614 6.438309
---------------------------------------------------
texcoord0 1.000000 1.000000 0.000000 1.000000
gl_Position -1.873032 0.001358 6.195496 6.389236
---------------------------------------------------
texcoord0 1.000000 0.000000 0.000000 1.000000
gl_Position -1.810196 -3.414597 4.780884 4.976028
---------------------------------------------------
texcoord0 0.000000 0.000000 0.000000 1.000000
gl_Position 1.810120 -3.414597 4.830002 5.025101
---------------------------------------------------
texcoord0 1.000000 0.000000 0.000000 1.000000
gl_Position 1.810120 -3.414597 4.830002 5.025101
---------------------------------------------------
texcoord0 0.000000 1.000000 0.000000 1.000000
gl_Position -1.747345 -0.001373 3.365158 3.561707
---------------------------------------------------
texcoord0 1.000000 1.000000 0.000000 1.000000
gl_Position 1.872986 -0.001373 3.414276 3.610779
---------------------------------------------------
texcoord0 0.000000 1.000000 0.000000 1.000000
gl_Position -1.747345 -0.001373 3.365158 3.561707
---------------------------------------------------
texcoord0 1.000000 0.000000 0.000000 1.000000
gl_Position 1.810120 -3.414597 4.830002 5.025101
---------------------------------------------------
texcoord0 0.000000 0.000000 0.000000 1.000000
gl_Position -1.810196 -3.414597 4.780884 4.976028
---------------------------------------------------
texcoord0 1.000000 0.000000 0.000000 1.000000
gl_Position 1.747299 0.001358 6.244614 6.438309
---------------------------------------------------
texcoord0 1.000000 1.000000 0.000000 1.000000
gl_Position 1.810150 3.414581 4.828888 5.023987
---------------------------------------------------
texcoord0 0.000000 1.000000 0.000000 1.000000
gl_Position -1.810165 3.414581 4.779770 4.974915
---------------------------------------------------
texcoord0 0.000000 1.000000 0.000000 1.000000
gl_Position -1.810165 3.414581 4.779770 4.974915
---------------------------------------------------
texcoord0 0.000000 0.000000 0.000000 1.000000
gl_Position -1.873032 0.001358 6.195496 6.389236
---------------------------------------------------
texcoord0 1.000000 0.000000 0.000000 1.000000
gl_Position 1.747299 0.001358 6.244614 6.438309
---------------------------------------------------
texcoord0 0.000000 1.000000 0.000000 1.000000
gl_Position 1.872986 -0.001373 3.414276 3.610779
---------------------------------------------------
texcoord0 1.000000 0.000000 0.000000 1.000000
gl_Position 1.747299 0.001358 6.244614 6.438309
---------------------------------------------------
texcoord0 0.000000 0.000000 0.000000 1.000000
gl_Position 1.810120 -3.414597 4.830002 5.025101
---------------------------------------------------
texcoord0 1.000000 0.000000 0.000000 1.000000
gl_Position 1.747299 0.001358 6.244614 6.438309
---------------------------------------------------
texcoord0 0.000000 1.000000 0.000000 1.000000
gl_Position 1.872986 -0.001373 3.414276 3.610779
---------------------------------------------------
texcoord0 1.000000 1.000000 0.000000 1.000000
gl_Position 1.810150 3.414581 4.828888 5.023987
---------------------------------------------------
texcoord0 0.000000 1.000000 0.000000 1.000000
gl_Position -1.747345 -0.001373 3.365158 3.561707
---------------------------------------------------
texcoord0 0.000000 0.000000 0.000000 1.000000
gl_Position -1.810196 -3.414597 4.780884 4.976028
---------------------------------------------------
texcoord0 1.000000 0.000000 0.000000 1.000000
gl_Position -1.873032 0.001358 6.195496 6.389236
---------------------------------------------------
texcoord0 1.000000 1.000000 0.000000 1.000000
gl_Position -1.810165 3.414581 4.779770 4.974915
---------------------------------------------------
texcoord0 0.000000 1.000000 0.000000 1.000000
gl_Position -1.747345 -0.001373 3.365158 3.561707
---------------------------------------------------
texcoord0 1.000000 0.000000 0.000000 1.000000
gl_Position -1.873032 0.001358 6.195496 6.389236
---------------------------------------------------
