texcoord0 0.000000 1.000000 0.000000 1.000000
gl_Position -1.790909 3.414581 4.657455 4.852722
---------------------------------------------------
texcoord0 1.000000 1.000000 0.000000 1.000000
gl_Position 1.791168 3.414581 4.951202 5.146179
---------------------------------------------------
texcoord0 1.000000 0.000000 0.000000 1.000000
gl_Position 2.166733 -0.001373 3.551529 3.747894
---------------------------------------------------
texcoord0 0.000000 1.000000 0.000000 1.000000
gl_Position -1.790909 3.414581 4.657455 4.852722
---------------------------------------------------
texcoord0 1.000000 0.000000 0.000000 1.000000
gl_Position 2.166733 -0.001373 3.551529 3.747894
---------------------------------------------------
texcoord0 0.000000 0.000000 0.000000 1.000000
gl_Position -1.415344 -0.001373 3.257782 3.454437
---------------------------------------------------
texcoord0 1.000000 1.000000 0.000000 1.000000
gl_Position -2.166779 0.001358 6.058243 6.252121
---------------------------------------------------
texcoord0 0.000000 0.000000 0.000000 1.000000
gl_Position 1.790863 -3.414597 4.952316 5.147293
---------------------------------------------------
texcoord0 0.000000 0.999985 0.000000 1.000000
gl_Position 1.415298 0.001358 6.351990 6.545578
---------------------------------------------------
texcoord0 1.000000 1.000000 0.000000 1.000000
gl_Position -2.166779 0.001358 6.058243 6.252121
---------------------------------------------------
texcoord0 1.000000 0.000000 0.000000 1.000000
gl_Position -1.791214 -3.414597 4.658569 4.853836
---------------------------------------------------
texcoord0 0.000000 0.000000 0.000000 1.000000
gl_Position 1.790863 -3.414597 4.952316 5.147293
---------------------------------------------------
texcoord0 1.000000 0.000000 0.000000 1.000000
gl_Position 1.790863 -3.414597 4.952316 5.147293
---------------------------------------------------
texcoord0 0.000000 1.000000 0.000000 1.000000
gl_Position -1.415344 -0.001373 3.257782 3.454437
---------------------------------------------------
texcoord0 1.000000 1.000000 0.000000 1.000000
gl_Position 2.166733 -0.001373 3.551529 3.747894
---------------------------------------------------
texcoord0 0.000000 1.000000 0.000000 1.000000
gl_Position -1.415344 -0.001373 3.257782 3.454437
---------------------------------------------------
texcoord0 1.000000 0.000000 0.000000 1.000000
gl_Position 1.790863 -3.414597 4.952316 5.147293
---------------------------------------------------
texcoord0 0.000000 0.000000 0.000000 1.000000
gl_Position -1.791214 -3.414597 4.658569 4.853836
---------------------------------------------------
texcoord0 1.000000 0.000000 0.000000 1.000000
gl_Position 1.415298 0.001358 6.351990 6.545578
---------------------------------------------------
texcoord0 1.000000 1.000000 0.000000 1.000000
gl_Position 1.791168 3.414581 4.951202 5.146179
---------------------------------------------------
texcoord0 0.000000 1.000000 0.000000 1.000000
gl_Position -1.790909 3.414581 4.657455 4.852722
---------------------------------------------------
texcoord0 0.000000 1.000000 0.000000 1.000000
gl_Position -1.790909 3.414581 4.657455 4.852722
---------------------------------------------------
texcoord0 0.000000 0.000000 0.000000 1.000000
gl_Position -2.166779 0.001358 6.058243 6.252121
---------------------------------------------------
texcoord0 1.000000 0.000000 0.000000 1.000000
gl_Position 1.415298 0.001358 6.351990 6.545578
---------------------------------------------------
texcoord0 0.000000 1.000000 0.000000 1.000000
gl_Position 2.166733 -0.001373 3.551529 3.747894
---------------------------------------------------
texcoord0 1.000000 0.000000 0.000000 1.000000
gl_Position 1.415298 0.001358 6.351990 6.545578
---------------------------------------------------
texcoord0 0.000000 0.000000 0.000000 1.000000
gl_Position 1.790863 -3.414597 4.952316 5.147293
---------------------------------------------------
texcoord0 1.000000 0.000000 0.000000 1.000000
gl_Position 1.415298 0.001358 6.351990 6.545578
---------------------------------------------------
texcoord0 0.000000 1.000000 0.000000 1.000000
gl_Position 2.166733 -0.001373 3.551529 3.747894
---------------------------------------------------
texcoord0 1.000000 1.000000 0.000000 1.000000
gl_Position 1.791168 3.414581 4.951202 5.146179
---------------------------------------------------
texcoord0 0.000000 1.000000 0.000000 1.000000
gl_Position -1.415344 -0.001373 3.257782 3.454437
---------------------------------------------------
texcoord0 0.000000 0.000000 0.000000 1.000000
gl_Position -1.791214 -3.414597 4.658569 4.853836
---------------------------------------------------
texcoord0 1.000000 0.000000 0.000000 1.000000
gl_Position -2.166779 0.001358 6.058243 6.252121
---------------------------------------------------
texcoord0 1.000000 1.000000 0.000000 1.000000
gl_Position -1.790909 3.414581 4.657455 4.852722
---------------------------------------------------
texcoord0 0.000000 1.000000 0.000000 1.000000
gl_Position -1.415344 -0.001373 3.257782 3.454437
---------------------------------------------------
texcoord0 1.000000 0.000000 0.000000 1.000000
gl_Position -2.166779 0.001358 6.058243 6.252121
---------------------------------------------------
