texcoord0 0.000000 1.000000 0.000000 1.000000
gl_Position -1.796906 3.414581 4.681839 4.877075
---------------------------------------------------
texcoord0 1.000000 1.000000 0.000000 1.000000
gl_Position 1.797119 3.414581 4.926819 5.121826
---------------------------------------------------
texcoord0 1.000000 0.000000 0.000000 1.000000
gl_Position 2.110352 -0.001373 3.522491 3.718887
---------------------------------------------------
texcoord0 0.000000 1.000000 0.000000 1.000000
gl_Position -1.796906 3.414581 4.681839 4.877075
---------------------------------------------------
texcoord0 1.000000 0.000000 0.000000 1.000000
gl_Position 2.110352 -0.001373 3.522491 3.718887
---------------------------------------------------
texcoord0 0.000000 0.000000 0.000000 1.000000
gl_Position -1.483673 -0.001373 3.277496 3.474136
---------------------------------------------------
texcoord0 1.000000 1.000000 0.000000 1.000000
gl_Position -2.110397 0.001358 6.087280 6.281128
---------------------------------------------------
texcoord0 0.000000 0.000000 0.000000 1.000000
gl_Position 1.796860 -3.414597 4.927933 5.122940
---------------------------------------------------
texcoord0 0.000000 0.999985 0.000000 1.000000
gl_Position 1.483627 0.001358 6.332275 6.525879
---------------------------------------------------
texcoord0 1.000000 1.000000 0.000000 1.000000
gl_Position -2.110397 0.001358 6.087280 6.281128
---------------------------------------------------
texcoord0 1.000000 0.000000 0.000000 1.000000
gl_Position -1.797150 -3.414597 4.682953 4.878189
---------------------------------------------------
texcoord0 0.000000 0.000000 0.000000 1.000000
gl_Position 1.796860 -3.414597 4.927933 5.122940
---------------------------------------------------
texcoord0 1.000000 0.000000 0.000000 1.000000
gl_Position 1.796860 -3.414597 4.927933 5.122940
---------------------------------------------------
texcoord0 0.000000 1.000000 0.000000 1.000000
gl_Position -1.483673 -0.001373 3.277496 3.474136
---------------------------------------------------
texcoord0 1.000000 1.000000 0.000000 1.000000
gl_Position 2.110352 -0.001373 3.522491 3.718887
---------------------------------------------------
texcoord0 0.000000 1.000000 0.000000 1.000000
gl_Position -1.483673 -0.001373 3.277496 3.474136
---------------------------------------------------
texcoord0 1.000000 0.000000 0.000000 1.000000
gl_Position 1.796860 -3.414597 4.927933 5.122940
---------------------------------------------------
texcoord0 0.000000 0.000000 0.000000 1.000000
gl_Position -1.797150 -3.414597 4.682953 4.878189
---------------------------------------------------
texcoord0 1.000000 0.000000 0.000000 1.000000
gl_Position 1.483627 0.001358 6.332275 6.525879
---------------------------------------------------
texcoord0 1.000000 1.000000 0.000000 1.000000
gl_Position 1.797119 3.414581 4.926819 5.121826
---------------------------------------------------
texcoord0 0.000000 1.000000 0.000000 1.000000
gl_Position -1.796906 3.414581 4.681839 4.877075
---------------------------------------------------
texcoord0 0.000000 1.000000 0.000000 1.000000
gl_Position -1.796906 3.414581 4.681839 4.877075
---------------------------------------------------
texcoord0 0.000000 0.000000 0.000000 1.000000
gl_Position -2.110397 0.001358 6.087280 6.281128
---------------------------------------------------
texcoord0 1.000000 0.000000 0.000000 1.000000
gl_Position 1.483627 0.001358 6.332275 6.525879
---------------------------------------------------
texcoord0 0.000000 1.000000 0.000000 1.000000
gl_Position 2.110352 -0.001373 3.522491 3.718887
---------------------------------------------------
texcoord0 1.000000 0.000000 0.000000 1.000000
gl_Position 1.483627 0.001358 6.332275 6.525879
---------------------------------------------------
texcoord0 0.000000 0.000000 0.000000 1.000000
gl_Position 1.796860 -3.414597 4.927933 5.122940
---------------------------------------------------
texcoord0 1.000000 0.000000 0.000000 1.000000
gl_Position 1.483627 0.001358 6.332275 6.525879
---------------------------------------------------
texcoord0 0.000000 1.000000 0.000000 1.000000
gl_Position 2.110352 -0.001373 3.522491 3.718887
---------------------------------------------------
texcoord0 1.000000 1.000000 0.000000 1.000000
gl_Position 1.797119 3.414581 4.926819 5.121826
---------------------------------------------------
texcoord0 0.000000 1.000000 0.000000 1.000000
gl_Position -1.483673 -0.001373 3.277496 3.474136
---------------------------------------------------
texcoord0 0.000000 0.000000 0.000000 1.000000
gl_Position -1.797150 -3.414597 4.682953 4.878189
---------------------------------------------------
texcoord0 1.000000 0.000000 0.000000 1.000000
gl_Position -2.110397 0.001358 6.087280 6.281128
---------------------------------------------------
texcoord0 1.000000 1.000000 0.000000 1.000000
gl_Position -1.796906 3.414581 4.681839 4.877075
---------------------------------------------------
texcoord0 0.000000 1.000000 0.000000 1.000000
gl_Position -1.483673 -0.001373 3.277496 3.474136
---------------------------------------------------
texcoord0 1.000000 0.000000 0.000000 1.000000
gl_Position -2.110397 0.001358 6.087280 6.281128
---------------------------------------------------
