texcoord0 0.000000 1.000000 0.000000 1.000000
gl_Position -1.808487 3.414581 4.755264 4.950439
---------------------------------------------------
texcoord0 1.000000 1.000000 0.000000 1.000000
gl_Position 1.808517 3.414581 4.853394 5.048462
---------------------------------------------------
texcoord0 1.000000 0.000000 0.000000 1.000000
gl_Position 1.933990 -0.001373 3.440079 3.636551
---------------------------------------------------
texcoord0 0.000000 1.000000 0.000000 1.000000
gl_Position -1.808487 3.414581 4.755264 4.950439
---------------------------------------------------
texcoord0 1.000000 0.000000 0.000000 1.000000
gl_Position 1.933990 -0.001373 3.440079 3.636551
---------------------------------------------------
texcoord0 0.000000 0.000000 0.000000 1.000000
gl_Position -1.683014 -0.001373 3.341965 3.538528
---------------------------------------------------
texcoord0 1.000000 1.000000 0.000000 1.000000
gl_Position -1.934036 0.001358 6.169693 6.363464
---------------------------------------------------
texcoord0 0.000000 0.000000 0.000000 1.000000
gl_Position 1.808441 -3.414597 4.854507 5.049576
---------------------------------------------------
texcoord0 0.000000 0.999985 0.000000 1.000000
gl_Position 1.682983 0.001358 6.267807 6.461487
---------------------------------------------------
texcoord0 1.000000 1.000000 0.000000 1.000000
gl_Position -1.934036 0.001358 6.169693 6.363464
---------------------------------------------------
texcoord0 1.000000 0.000000 0.000000 1.000000
gl_Position -1.808563 -3.414597 4.756378 4.951553
---------------------------------------------------
texcoord0 0.000000 0.000000 0.000000 1.000000
gl_Position 1.808441 -3.414597 4.854507 5.049576
---------------------------------------------------
texcoord0 1.000000 0.000000 0.000000 1.000000
gl_Position 1.808441 -3.414597 4.854507 5.049576
---------------------------------------------------
texcoord0 0.000000 1.000000 0.000000 1.000000
gl_Position -1.683014 -0.001373 3.341965 3.538528
---------------------------------------------------
texcoord0 1.000000 1.000000 0.000000 1.000000
gl_Position 1.933990 -0.001373 3.440079 3.636551
---------------------------------------------------
texcoord0 0.000000 1.000000 0.000000 1.000000
gl_Position -1.683014 -0.001373 3.341965 3.538528
---------------------------------------------------
texcoord0 1.000000 0.000000 0.000000 1.000000
gl_Position 1.808441 -3.414597 4.854507 5.049576
---------------------------------------------------
texcoord0 0.000000 0.000000 0.000000 1.000000
gl_Position -1.808563 -3.414597 4.756378 4.951553
---------------------------------------------------
texcoord0 1.000000 0.000000 0.000000 1.000000
gl_Position 1.682983 0.001358 6.267807 6.461487
---------------------------------------------------
texcoord0 1.000000 1.000000 0.000000 1.000000
gl_Position 1.808517 3.414581 4.853394 5.048462
---------------------------------------------------
texcoord0 0.000000 1.000000 0.000000 1.000000
gl_Position -1.808487 3.414581 4.755264 4.950439
---------------------------------------------------
texcoord0 0.000000 1.000000 0.000000 1.000000
gl_Position -1.808487 3.414581 4.755264 4.950439
---------------------------------------------------
texcoord0 0.000000 0.000000 0.000000 1.000000
gl_Position -1.934036 0.001358 6.169693 6.363464
---------------------------------------------------
texcoord0 1.000000 0.000000 0.000000 1.000000
gl_Position 1.682983 0.001358 6.267807 6.461487
---------------------------------------------------
texcoord0 0.000000 1.000000 0.000000 1.000000
gl_Position 1.933990 -0.001373 3.440079 3.636551
---------------------------------------------------
texcoord0 1.000000 0.000000 0.000000 1.000000
gl_Position 1.682983 0.001358 6.267807 6.461487
---------------------------------------------------
texcoord0 0.000000 0.000000 0.000000 1.000000
gl_Position 1.808441 -3.414597 4.854507 5.049576
---------------------------------------------------
texcoord0 1.000000 0.000000 0.000000 1.000000
gl_Position 1.682983 0.001358 6.267807 6.461487
---------------------------------------------------
texcoord0 0.000000 1.000000 0.000000 1.000000
gl_Position 1.933990 -0.001373 3.440079 3.636551
---------------------------------------------------
texcoord0 1.000000 1.000000 0.000000 1.000000
gl_Position 1.808517 3.414581 4.853394 5.048462
---------------------------------------------------
texcoord0 0.000000 1.000000 0.000000 1.000000
gl_Position -1.683014 -0.001373 3.341965 3.538528
---------------------------------------------------
texcoord0 0.000000 0.000000 0.000000 1.000000
gl_Position -1.808563 -3.414597 4.756378 4.951553
---------------------------------------------------
texcoord0 1.000000 0.000000 0.000000 1.000000
gl_Position -1.934036 0.001358 6.169693 6.363464
---------------------------------------------------
texcoord0 1.000000 1.000000 0.000000 1.000000
gl_Position -1.808487 3.414581 4.755264 4.950439
---------------------------------------------------
texcoord0 0.000000 1.000000 0.000000 1.000000
gl_Position -1.683014 -0.001373 3.341965 3.538528
---------------------------------------------------
texcoord0 1.000000 0.000000 0.000000 1.000000
gl_Position -1.934036 0.001358 6.169693 6.363464
---------------------------------------------------
