texcoord0 0.000000 1.000000 0.000000 1.000000
gl_Position -1.801910 3.414581 4.706268 4.901489
---------------------------------------------------
texcoord0 1.000000 1.000000 0.000000 1.000000
gl_Position 1.802063 3.414581 4.902390 5.097412
---------------------------------------------------
texcoord0 1.000000 0.000000 0.000000 1.000000
gl_Position 2.052826 -0.001373 3.494156 3.690582
---------------------------------------------------
texcoord0 0.000000 1.000000 0.000000 1.000000
gl_Position -1.801910 3.414581 4.706268 4.901489
---------------------------------------------------
texcoord0 1.000000 0.000000 0.000000 1.000000
gl_Position 2.052826 -0.001373 3.494156 3.690582
---------------------------------------------------
texcoord0 0.000000 0.000000 0.000000 1.000000
gl_Position -1.551147 -0.001373 3.298050 3.494659
---------------------------------------------------
texcoord0 1.000000 1.000000 0.000000 1.000000
gl_Position -2.052872 0.001358 6.115616 6.309433
---------------------------------------------------
texcoord0 0.000000 0.000000 0.000000 1.000000
gl_Position 1.801865 -3.414597 4.903503 5.098526
---------------------------------------------------
texcoord0 0.000000 0.999985 0.000000 1.000000
gl_Position 1.551102 0.001358 6.311722 6.505356
---------------------------------------------------
texcoord0 1.000000 1.000000 0.000000 1.000000
gl_Position -2.052872 0.001358 6.115616 6.309433
---------------------------------------------------
texcoord0 1.000000 0.000000 0.000000 1.000000
gl_Position -1.802109 -3.414597 4.707382 4.902603
---------------------------------------------------
texcoord0 0.000000 0.000000 0.000000 1.000000
gl_Position 1.801865 -3.414597 4.903503 5.098526
---------------------------------------------------
texcoord0 1.000000 0.000000 0.000000 1.000000
gl_Position 1.801865 -3.414597 4.903503 5.098526
---------------------------------------------------
texcoord0 0.000000 1.000000 0.000000 1.000000
gl_Position -1.551147 -0.001373 3.298050 3.494659
---------------------------------------------------
texcoord0 1.000000 1.000000 0.000000 1.000000
gl_Position 2.052826 -0.001373 3.494156 3.690582
---------------------------------------------------
texcoord0 0.000000 1.000000 0.000000 1.000000
gl_Position -1.551147 -0.001373 3.298050 3.494659
---------------------------------------------------
texcoord0 1.000000 0.000000 0.000000 1.000000
gl_Position 1.801865 -3.414597 4.903503 5.098526
---------------------------------------------------
texcoord0 0.000000 0.000000 0.000000 1.000000
gl_Position -1.802109 -3.414597 4.707382 4.902603
---------------------------------------------------
texcoord0 1.000000 0.000000 0.000000 1.000000
gl_Position 1.551102 0.001358 6.311722 6.505356
---------------------------------------------------
texcoord0 1.000000 1.000000 0.000000 1.000000
gl_Position 1.802063 3.414581 4.902390 5.097412
---------------------------------------------------
texcoord0 0.000000 1.000000 0.000000 1.000000
gl_Position -1.801910 3.414581 4.706268 4.901489
---------------------------------------------------
texcoord0 0.000000 1.000000 0.000000 1.000000
gl_Position -1.801910 3.414581 4.706268 4.901489
---------------------------------------------------
texcoord0 0.000000 0.000000 0.000000 1.000000
gl_Position -2.052872 0.001358 6.115616 6.309433
---------------------------------------------------
texcoord0 1.000000 0.000000 0.000000 1.000000
gl_Position 1.551102 0.001358 6.311722 6.505356
---------------------------------------------------
texcoord0 0.000000 1.000000 0.000000 1.000000
gl_Position 2.052826 -0.001373 3.494156 3.690582
---------------------------------------------------
texcoord0 1.000000 0.000000 0.000000 1.000000
gl_Position 1.551102 0.001358 6.311722 6.505356
---------------------------------------------------
texcoord0 0.000000 0.000000 0.000000 1.000000
gl_Position 1.801865 -3.414597 4.903503 5.098526
---------------------------------------------------
texcoord0 1.000000 0.000000 0.000000 1.000000
gl_Position 1.551102 0.001358 6.311722 6.505356
---------------------------------------------------
texcoord0 0.000000 1.000000 0.000000 1.000000
gl_Position 2.052826 -0.001373 3.494156 3.690582
---------------------------------------------------
texcoord0 1.000000 1.000000 0.000000 1.000000
gl_Position 1.802063 3.414581 4.902390 5.097412
---------------------------------------------------
texcoord0 0.000000 1.000000 0.000000 1.000000
gl_Position -1.551147 -0.001373 3.298050 3.494659
---------------------------------------------------
texcoord0 0.000000 0.000000 0.000000 1.000000
gl_Position -1.802109 -3.414597 4.707382 4.902603
---------------------------------------------------
texcoord0 1.000000 0.000000 0.000000 1.000000
gl_Position -2.052872 0.001358 6.115616 6.309433
---------------------------------------------------
texcoord0 1.000000 1.000000 0.000000 1.000000
gl_Position -1.801910 3.414581 4.706268 4.901489
---------------------------------------------------
texcoord0 0.000000 1.000000 0.000000 1.000000
gl_Position -1.551147 -0.001373 3.298050 3.494659
---------------------------------------------------
texcoord0 1.000000 0.000000 0.000000 1.000000
gl_Position -2.052872 0.001358 6.115616 6.309433
---------------------------------------------------
