texcoord0 0.000000 1.000000 0.000000 1.000000
gl_Position -1.805695 3.414581 4.730713 4.925903
---------------------------------------------------
texcoord0 1.000000 1.000000 0.000000 1.000000
gl_Position 1.805786 3.414581 4.877945 5.072998
---------------------------------------------------
texcoord0 1.000000 0.000000 0.000000 1.000000
gl_Position 1.994049 -0.001373 3.466797 3.663239
---------------------------------------------------
texcoord0 0.000000 1.000000 0.000000 1.000000
gl_Position -1.805695 3.414581 4.730713 4.925903
---------------------------------------------------
texcoord0 1.000000 0.000000 0.000000 1.000000
gl_Position 1.994049 -0.001373 3.466797 3.663239
---------------------------------------------------
texcoord0 0.000000 0.000000 0.000000 1.000000
gl_Position -1.617432 -0.001373 3.319550 3.516144
---------------------------------------------------
texcoord0 1.000000 1.000000 0.000000 1.000000
gl_Position -1.994095 0.001358 6.142975 6.336777
---------------------------------------------------
texcoord0 0.000000 0.000000 0.000000 1.000000
gl_Position 1.805649 -3.414597 4.879059 5.074112
---------------------------------------------------
texcoord0 0.000000 0.999985 0.000000 1.000000
gl_Position 1.617386 0.001358 6.290222 6.483871
---------------------------------------------------
texcoord0 1.000000 1.000000 0.000000 1.000000
gl_Position -1.994095 0.001358 6.142975 6.336777
---------------------------------------------------
texcoord0 1.000000 0.000000 0.000000 1.000000
gl_Position -1.805832 -3.414597 4.731827 4.927017
---------------------------------------------------
texcoord0 0.000000 0.000000 0.000000 1.000000
gl_Position 1.805649 -3.414597 4.879059 5.074112
---------------------------------------------------
texcoord0 1.000000 0.000000 0.000000 1.000000
gl_Position 1.805649 -3.414597 4.879059 5.074112
---------------------------------------------------
texcoord0 0.000000 1.000000 0.000000 1.000000
gl_Position -1.617432 -0.001373 3.319550 3.516144
---------------------------------------------------
texcoord0 1.000000 1.000000 0.000000 1.000000
gl_Position 1.994049 -0.001373 3.466797 3.663239
---------------------------------------------------
texcoord0 0.000000 1.000000 0.000000 1.000000
gl_Position -1.617432 -0.001373 3.319550 3.516144
---------------------------------------------------
texcoord0 1.000000 0.000000 0.000000 1.000000
gl_Position 1.805649 -3.414597 4.879059 5.074112
---------------------------------------------------
texcoord0 0.000000 0.000000 0.000000 1.000000
gl_Position -1.805832 -3.414597 4.731827 4.927017
---------------------------------------------------
texcoord0 1.000000 0.000000 0.000000 1.000000
gl_Position 1.617386 0.001358 6.290222 6.483871
---------------------------------------------------
texcoord0 1.000000 1.000000 0.000000 1.000000
gl_Position 1.805786 3.414581 4.877945 5.072998
---------------------------------------------------
texcoord0 0.000000 1.000000 0.000000 1.000000
gl_Position -1.805695 3.414581 4.730713 4.925903
---------------------------------------------------
texcoord0 0.000000 1.000000 0.000000 1.000000
gl_Position -1.805695 3.414581 4.730713 4.925903
---------------------------------------------------
texcoord0 0.000000 0.000000 0.000000 1.000000
gl_Position -1.994095 0.001358 6.142975 6.336777
---------------------------------------------------
texcoord0 1.000000 0.000000 0.000000 1.000000
gl_Position 1.617386 0.001358 6.290222 6.483871
---------------------------------------------------
texcoord0 0.000000 1.000000 0.000000 1.000000
gl_Position 1.994049 -0.001373 3.466797 3.663239
---------------------------------------------------
texcoord0 1.000000 0.000000 0.000000 1.000000
gl_Position 1.617386 0.001358 6.290222 6.483871
---------------------------------------------------
texcoord0 0.000000 0.000000 0.000000 1.000000
gl_Position 1.805649 -3.414597 4.879059 5.074112
---------------------------------------------------
texcoord0 1.000000 0.000000 0.000000 1.000000
gl_Position 1.617386 0.001358 6.290222 6.483871
---------------------------------------------------
texcoord0 0.000000 1.000000 0.000000 1.000000
gl_Position 1.994049 -0.001373 3.466797 3.663239
---------------------------------------------------
texcoord0 1.000000 1.000000 0.000000 1.000000
gl_Position 1.805786 3.414581 4.877945 5.072998
---------------------------------------------------
texcoord0 0.000000 1.000000 0.000000 1.000000
gl_Position -1.617432 -0.001373 3.319550 3.516144
---------------------------------------------------
texcoord0 0.000000 0.000000 0.000000 1.000000
gl_Position -1.805832 -3.414597 4.731827 4.927017
---------------------------------------------------
texcoord0 1.000000 0.000000 0.000000 1.000000
gl_Position -1.994095 0.001358 6.142975 6.336777
---------------------------------------------------
texcoord0 1.000000 1.000000 0.000000 1.000000
gl_Position -1.805695 3.414581 4.730713 4.925903
---------------------------------------------------
texcoord0 0.000000 1.000000 0.000000 1.000000
gl_Position -1.617432 -0.001373 3.319550 3.516144
---------------------------------------------------
texcoord0 1.000000 0.000000 0.000000 1.000000
gl_Position -1.994095 0.001358 6.142975 6.336777
---------------------------------------------------
