texcoord0 1.000000 0.000000 0.000000 1.000000
normal 0.000000 0.000000 0.000000 0.000000
gl_Position 0.514236 0.277603 1.313950 1.512527
---------------------------------------------------
texcoord0 0.000000 1.000000 0.000000 1.000000
normal 0.000000 0.000000 0.000000 0.000000
gl_Position -0.137650 -0.374252 1.313950 1.512527
---------------------------------------------------
texcoord0 0.000000 0.000000 0.000000 1.000000
normal 0.000000 0.000000 0.000000 0.000000
gl_Position -0.137650 0.277603 1.313950 1.512527
---------------------------------------------------
texcoord0 1.000000 0.000000 0.000000 1.000000
normal 0.000000 0.000000 0.000000 0.000000
gl_Position 0.514236 0.277603 1.313950 1.512527
---------------------------------------------------
texcoord0 1.000000 1.000000 0.000000 1.000000
normal 0.000000 0.000000 0.000000 0.000000
gl_Position 0.514236 -0.374252 1.313950 1.512527
---------------------------------------------------
texcoord0 0.000000 1.000000 0.000000 1.000000
normal 0.000000 0.000000 0.000000 0.000000
gl_Position -0.137650 -0.374252 1.313950 1.512527
---------------------------------------------------
