***************************************************
vertex:
417.897949, 352.636719, 0.945969, 0.544968
417.539062, 252.106934, 0.949188, 0.512817
319.687500, 242.961426, 0.954285, 0.461884
***************************************************
vertex:
417.897949, 352.636719, 0.945969, 0.544968
319.687500, 242.961426, 0.954285, 0.461884
320.014648, 333.276367, 0.951447, 0.490204
***************************************************
vertex:
320.014648, 333.276367, 0.951447, 0.490204
319.687500, 242.961426, 0.954285, 0.461884
236.413574, 238.093262, 0.956985, 0.434784
***************************************************
vertex:
320.014648, 333.276367, 0.951447, 0.490204
236.413574, 238.093262, 0.956985, 0.434784
236.726074, 323.269043, 0.954285, 0.461884
***************************************************
vertex:
236.726074, 323.269043, 0.954285, 0.461884
236.413574, 238.093262, 0.956985, 0.434784
160.000000, 236.594238, 0.957825, 0.426437
***************************************************
vertex:
236.726074, 323.269043, 0.954285, 0.461884
160.000000, 236.594238, 0.957825, 0.426437
160.000000, 320.307617, 0.955124, 0.453506
***************************************************
vertex:
160.000000, 320.307617, 0.955124, 0.453506
160.000000, 236.594238, 0.957825, 0.426437
83.583984, 238.093262, 0.956985, 0.434784
***************************************************
vertex:
160.000000, 320.307617, 0.955124, 0.453506
83.583984, 238.093262, 0.956985, 0.434784
83.273926, 323.269043, 0.954285, 0.461884
***************************************************
vertex:
83.273926, 323.269043, 0.954285, 0.461884
83.583984, 238.093262, 0.956985, 0.434784
0.310059, 242.961426, 0.954285, 0.461884
***************************************************
vertex:
83.273926, 323.269043, 0.954285, 0.461884
0.310059, 242.961426, 0.954285, 0.461884
-0.014648, 333.276367, 0.951447, 0.490204
***************************************************
vertex:
-0.014648, 333.276367, 0.951447, 0.490204
0.310059, 242.961426, 0.954285, 0.461884
-97.541504, 252.106934, 0.949188, 0.512817
***************************************************
vertex:
417.539062, 252.106934, 0.949188, 0.512817
320.307617, 160.000000, 0.955124, 0.453506
319.687500, 242.961426, 0.954285, 0.461884
***************************************************
vertex:
319.687500, 242.961426, 0.954285, 0.461884
320.307617, 160.000000, 0.955124, 0.453506
236.594238, 160.000000, 0.957825, 0.426437
***************************************************
vertex:
319.687500, 242.961426, 0.954285, 0.461884
236.594238, 160.000000, 0.957825, 0.426437
236.413574, 238.093262, 0.956985, 0.434784
***************************************************
vertex:
236.413574, 238.093262, 0.956985, 0.434784
236.594238, 160.000000, 0.957825, 0.426437
160.000000, 160.000000, 0.958633, 0.418411
***************************************************
vertex:
236.413574, 238.093262, 0.956985, 0.434784
160.000000, 160.000000, 0.958633, 0.418411
160.000000, 236.594238, 0.957825, 0.426437
***************************************************
vertex:
160.000000, 236.594238, 0.957825, 0.426437
160.000000, 160.000000, 0.958633, 0.418411
83.405762, 160.000000, 0.957825, 0.426437
***************************************************
vertex:
160.000000, 236.594238, 0.957825, 0.426437
83.405762, 160.000000, 0.957825, 0.426437
83.583984, 238.093262, 0.956985, 0.434784
***************************************************
vertex:
83.583984, 238.093262, 0.956985, 0.434784
83.405762, 160.000000, 0.957825, 0.426437
-0.310059, 160.000000, 0.955124, 0.453506
***************************************************
vertex:
83.583984, 238.093262, 0.956985, 0.434784
-0.310059, 160.000000, 0.955124, 0.453506
0.310059, 242.961426, 0.954285, 0.461884
***************************************************
vertex:
0.310059, 242.961426, 0.954285, 0.461884
-0.310059, 160.000000, 0.955124, 0.453506
-97.878418, 160.000000, 0.950089, 0.503784
***************************************************
vertex:
0.310059, 242.961426, 0.954285, 0.461884
-97.878418, 160.000000, 0.950089, 0.503784
-97.541504, 252.106934, 0.949188, 0.512817
***************************************************
vertex:
417.875977, 160.000000, 0.950089, 0.503784
417.539062, 67.890625, 0.949188, 0.512817
319.687500, 77.038574, 0.954285, 0.461884
***************************************************
vertex:
417.875977, 160.000000, 0.950089, 0.503784
319.687500, 77.038574, 0.954285, 0.461884
320.307617, 160.000000, 0.955124, 0.453506
***************************************************
vertex:
320.307617, 160.000000, 0.955124, 0.453506
319.687500, 77.038574, 0.954285, 0.461884
236.413574, 81.906738, 0.956985, 0.434784
***************************************************
vertex:
320.307617, 160.000000, 0.955124, 0.453506
236.413574, 81.906738, 0.956985, 0.434784
236.594238, 160.000000, 0.957825, 0.426437
***************************************************
vertex:
236.594238, 160.000000, 0.957825, 0.426437
236.413574, 81.906738, 0.956985, 0.434784
160.000000, 83.405762, 0.957825, 0.426437
***************************************************
vertex:
236.594238, 160.000000, 0.957825, 0.426437
160.000000, 83.405762, 0.957825, 0.426437
160.000000, 160.000000, 0.958633, 0.418411
***************************************************
vertex:
160.000000, 160.000000, 0.958633, 0.418411
160.000000, 83.405762, 0.957825, 0.426437
83.583984, 81.906738, 0.956985, 0.434784
***************************************************
vertex:
160.000000, 160.000000, 0.958633, 0.418411
83.583984, 81.906738, 0.956985, 0.434784
83.405762, 160.000000, 0.957825, 0.426437
***************************************************
vertex:
83.405762, 160.000000, 0.957825, 0.426437
83.583984, 81.906738, 0.956985, 0.434784
0.310059, 77.038574, 0.954285, 0.461884
***************************************************
vertex:
83.405762, 160.000000, 0.957825, 0.426437
0.310059, 77.038574, 0.954285, 0.461884
-0.310059, 160.000000, 0.955124, 0.453506
***************************************************
vertex:
-0.310059, 160.000000, 0.955124, 0.453506
0.310059, 77.038574, 0.954285, 0.461884
-97.541504, 67.890625, 0.949188, 0.512817
***************************************************
vertex:
417.539062, 67.890625, 0.949188, 0.512817
320.014648, -13.278809, 0.951447, 0.490204
319.687500, 77.038574, 0.954285, 0.461884
***************************************************
vertex:
319.687500, 77.038574, 0.954285, 0.461884
320.014648, -13.278809, 0.951447, 0.490204
236.726074, -3.269043, 0.954285, 0.461884
***************************************************
vertex:
319.687500, 77.038574, 0.954285, 0.461884
236.726074, -3.269043, 0.954285, 0.461884
236.413574, 81.906738, 0.956985, 0.434784
***************************************************
vertex:
236.413574, 81.906738, 0.956985, 0.434784
236.726074, -3.269043, 0.954285, 0.461884
160.000000, -0.310059, 0.955124, 0.453506
***************************************************
vertex:
236.413574, 81.906738, 0.956985, 0.434784
160.000000, -0.310059, 0.955124, 0.453506
160.000000, 83.405762, 0.957825, 0.426437
***************************************************
vertex:
160.000000, 83.405762, 0.957825, 0.426437
160.000000, -0.310059, 0.955124, 0.453506
83.273926, -3.269043, 0.954285, 0.461884
***************************************************
vertex:
160.000000, 83.405762, 0.957825, 0.426437
83.273926, -3.269043, 0.954285, 0.461884
83.583984, 81.906738, 0.956985, 0.434784
***************************************************
vertex:
83.583984, 81.906738, 0.956985, 0.434784
83.273926, -3.269043, 0.954285, 0.461884
-0.014648, -13.278809, 0.951447, 0.490204
***************************************************
vertex:
83.583984, 81.906738, 0.956985, 0.434784
-0.014648, -13.278809, 0.951447, 0.490204
0.310059, 77.038574, 0.954285, 0.461884
***************************************************
vertex:
0.310059, 77.038574, 0.954285, 0.461884
-0.014648, -13.278809, 0.951447, 0.490204
-97.900391, -32.636719, 0.945969, 0.544968
***************************************************
vertex:
0.310059, 77.038574, 0.954285, 0.461884
-97.900391, -32.636719, 0.945969, 0.544968
-97.541504, 67.890625, 0.949188, 0.512817
