0.619995 -0.699997 3.386337 1.000000
0.419998 -0.899994 3.386337 1.000000
0.419998 -0.699997 3.386337 1.000000
0.619995 -0.699997 3.386337 1.000000
0.619995 -0.899994 3.386337 1.000000
0.419998 -0.899994 3.386337 1.000000
0.619995 -0.699997 3.459686 1.000000
0.419998 -0.899994 3.459686 1.000000
0.419998 -0.699997 3.459686 1.000000
0.619995 -0.699997 3.459686 1.000000
0.619995 -0.899994 3.459686 1.000000
0.419998 -0.899994 3.459686 1.000000
0.616470 -0.701874 3.079987 1.000000
0.416458 -0.901886 3.079987 1.000000
0.416458 -0.701874 3.079987 1.000000
0.616470 -0.701874 3.079987 1.000000
0.616470 -0.901886 3.079987 1.000000
0.416458 -0.901886 3.079987 1.000000
0.614456 -0.678131 3.459686 1.000000
0.414459 -0.878128 3.459686 1.000000
0.414459 -0.678131 3.459686 1.000000
0.614456 -0.678131 3.459686 1.000000
0.614456 -0.878128 3.459686 1.000000
0.414459 -0.878128 3.459686 1.000000
0.619995 -0.699997 4.067780 1.000000
0.419998 -0.899994 4.067780 1.000000
0.419998 -0.699997 4.067780 1.000000
0.619995 -0.699997 4.067780 1.000000
0.619995 -0.899994 4.067780 1.000000
0.419998 -0.899994 4.067780 1.000000
0.619995 -0.699997 3.459686 1.000000
0.419998 -0.899994 3.459686 1.000000
0.419998 -0.699997 3.459686 1.000000
0.619995 -0.699997 3.459686 1.000000
0.619995 -0.899994 3.459686 1.000000
0.419998 -0.899994 3.459686 1.000000
0.619995 -0.699997 3.386337 1.000000
0.419998 -0.899994 3.386337 1.000000
0.419998 -0.699997 3.386337 1.000000
0.619995 -0.699997 3.386337 1.000000
0.619995 -0.899994 3.386337 1.000000
0.419998 -0.899994 3.386337 1.000000
0.619995 -0.699997 3.235825 1.000000
0.419998 -0.899994 3.235825 1.000000
0.419998 -0.699997 3.235825 1.000000
0.619995 -0.699997 3.235825 1.000000
0.619995 -0.899994 3.235825 1.000000
0.419998 -0.899994 3.235825 1.000000
0.619995 -0.699997 3.741013 1.000000
0.419998 -0.899994 3.741013 1.000000
0.419998 -0.699997 3.741013 1.000000
0.619995 -0.699997 3.741013 1.000000
0.619995 -0.899994 3.741013 1.000000
0.419998 -0.899994 3.741013 1.000000
0.619995 -0.699997 3.459686 1.000000
0.419998 -0.899994 3.459686 1.000000
0.419998 -0.699997 3.459686 1.000000
0.619995 -0.699997 3.459686 1.000000
0.619995 -0.899994 3.459686 1.000000
0.419998 -0.899994 3.459686 1.000000
0.654236 -0.675812 3.874878 1.000000
0.454224 -0.875809 3.874878 1.000000
0.454224 -0.675812 3.874878 1.000000
0.654236 -0.675812 3.874878 1.000000
0.654236 -0.875809 3.874878 1.000000
0.454224 -0.875809 3.874878 1.000000
0.609619 -0.679962 3.459686 1.000000
0.409622 -0.879974 3.459686 1.000000
0.409622 -0.679962 3.459686 1.000000
0.609619 -0.679962 3.459686 1.000000
0.609619 -0.879974 3.459686 1.000000
0.409622 -0.879974 3.459686 1.000000
0.619995 -0.699997 3.531784 1.000000
0.419998 -0.899994 3.531784 1.000000
0.419998 -0.699997 3.531784 1.000000
0.619995 -0.699997 3.531784 1.000000
0.619995 -0.899994 3.531784 1.000000
0.419998 -0.899994 3.531784 1.000000
0.608582 -0.680542 3.459686 1.000000
0.408569 -0.880554 3.459686 1.000000
0.408569 -0.680542 3.459686 1.000000
0.608582 -0.680542 3.459686 1.000000
0.608582 -0.880554 3.459686 1.000000
0.408569 -0.880554 3.459686 1.000000
0.619995 -0.699997 3.235825 1.000000
0.419998 -0.899994 3.235825 1.000000
0.419998 -0.699997 3.235825 1.000000
0.619995 -0.699997 3.235825 1.000000
0.619995 -0.899994 3.235825 1.000000
0.419998 -0.899994 3.235825 1.000000
0.619995 -0.699997 3.235825 1.000000
0.419998 -0.899994 3.235825 1.000000
0.419998 -0.699997 3.235825 1.000000
0.619995 -0.699997 3.235825 1.000000
0.619995 -0.899994 3.235825 1.000000
0.419998 -0.899994 3.235825 1.000000
0.619995 -0.699997 4.004501 1.000000
0.419998 -0.899994 4.004501 1.000000
0.419998 -0.699997 4.004501 1.000000
0.619995 -0.699997 4.004501 1.000000
0.619995 -0.899994 4.004501 1.000000
0.419998 -0.899994 4.004501 1.000000
0.621979 -0.722458 3.459686 1.000000
0.421982 -0.922455 3.459686 1.000000
0.421982 -0.722458 3.459686 1.000000
0.621979 -0.722458 3.459686 1.000000
0.621979 -0.922455 3.459686 1.000000
0.421982 -0.922455 3.459686 1.000000
0.619995 -0.699997 3.386337 1.000000
0.419998 -0.899994 3.386337 1.000000
0.419998 -0.699997 3.386337 1.000000
0.619995 -0.699997 3.386337 1.000000
0.619995 -0.899994 3.386337 1.000000
0.419998 -0.899994 3.386337 1.000000
0.619995 -0.699997 3.940201 1.000000
0.419998 -0.899994 3.940201 1.000000
0.419998 -0.699997 3.940201 1.000000
0.619995 -0.699997 3.940201 1.000000
0.619995 -0.899994 3.940201 1.000000
0.419998 -0.899994 3.940201 1.000000
0.640152 -0.710098 3.459686 1.000000
0.440155 -0.910095 3.459686 1.000000
0.440155 -0.710098 3.459686 1.000000
0.640152 -0.710098 3.459686 1.000000
0.640152 -0.910095 3.459686 1.000000
0.440155 -0.910095 3.459686 1.000000
0.619995 -0.699997 3.459686 1.000000
0.419998 -0.899994 3.459686 1.000000
0.419998 -0.699997 3.459686 1.000000
0.619995 -0.699997 3.459686 1.000000
0.619995 -0.899994 3.459686 1.000000
0.419998 -0.899994 3.459686 1.000000
0.619995 -0.699997 3.079987 1.000000
0.419998 -0.899994 3.079987 1.000000
0.419998 -0.699997 3.079987 1.000000
0.619995 -0.699997 3.079987 1.000000
0.619995 -0.899994 3.079987 1.000000
0.419998 -0.899994 3.079987 1.000000
0.636520 -0.690582 3.386337 1.000000
0.436523 -0.890579 3.386337 1.000000
0.436523 -0.690582 3.386337 1.000000
0.636520 -0.690582 3.386337 1.000000
0.636520 -0.890579 3.386337 1.000000
0.436523 -0.890579 3.386337 1.000000
0.619995 -0.699997 3.769592 1.000000
0.419998 -0.899994 3.769592 1.000000
0.419998 -0.699997 3.769592 1.000000
0.619995 -0.699997 3.769592 1.000000
0.619995 -0.899994 3.769592 1.000000
0.419998 -0.899994 3.769592 1.000000
-0.419998 -0.699997 3.531784 1.000000
-0.619995 -0.899994 3.531784 1.000000
-0.619995 -0.699997 3.531784 1.000000
-0.419998 -0.699997 3.531784 1.000000
-0.419998 -0.899994 3.531784 1.000000
-0.619995 -0.899994 3.531784 1.000000
-0.419998 -0.699997 3.235825 1.000000
-0.619995 -0.899994 3.235825 1.000000
-0.619995 -0.699997 3.235825 1.000000
-0.419998 -0.699997 3.235825 1.000000
-0.419998 -0.899994 3.235825 1.000000
-0.619995 -0.899994 3.235825 1.000000
-0.419998 -0.699997 3.573349 1.000000
-0.619995 -0.899994 3.573349 1.000000
-0.619995 -0.699997 3.573349 1.000000
-0.419998 -0.699997 3.573349 1.000000
-0.419998 -0.899994 3.573349 1.000000
-0.619995 -0.899994 3.573349 1.000000
-0.419998 -0.699997 3.075989 1.000000
-0.619995 -0.899994 3.075989 1.000000
-0.619995 -0.699997 3.075989 1.000000
-0.419998 -0.699997 3.075989 1.000000
-0.419998 -0.899994 3.075989 1.000000
-0.619995 -0.899994 3.075989 1.000000
-0.431244 -0.703217 3.235825 1.000000
-0.631241 -0.903214 3.235825 1.000000
-0.631241 -0.703217 3.235825 1.000000
-0.431244 -0.703217 3.235825 1.000000
-0.431244 -0.903214 3.235825 1.000000
-0.631241 -0.903214 3.235825 1.000000
-0.386780 -0.661880 4.067780 1.000000
-0.586777 -0.861877 4.067780 1.000000
-0.586777 -0.661880 4.067780 1.000000
-0.386780 -0.661880 4.067780 1.000000
-0.386780 -0.861877 4.067780 1.000000
-0.586777 -0.861877 4.067780 1.000000
-0.399033 -0.715363 3.531784 1.000000
-0.599045 -0.915359 3.531784 1.000000
-0.599045 -0.715363 3.531784 1.000000
-0.399033 -0.715363 3.531784 1.000000
-0.399033 -0.915359 3.531784 1.000000
-0.599045 -0.915359 3.531784 1.000000
-0.419998 -0.699997 3.386337 1.000000
-0.619995 -0.899994 3.386337 1.000000
-0.619995 -0.699997 3.386337 1.000000
-0.419998 -0.699997 3.386337 1.000000
-0.419998 -0.899994 3.386337 1.000000
-0.619995 -0.899994 3.386337 1.000000
-0.419998 -0.699997 3.531784 1.000000
-0.619995 -0.899994 3.531784 1.000000
-0.619995 -0.699997 3.531784 1.000000
-0.419998 -0.699997 3.531784 1.000000
-0.419998 -0.899994 3.531784 1.000000
-0.619995 -0.899994 3.531784 1.000000
-0.417221 -0.688629 3.235825 1.000000
-0.617218 -0.888626 3.235825 1.000000
-0.617218 -0.688629 3.235825 1.000000
-0.417221 -0.688629 3.235825 1.000000
-0.417221 -0.888626 3.235825 1.000000
-0.617218 -0.888626 3.235825 1.000000
-0.419998 -0.699997 3.874878 1.000000
-0.619995 -0.899994 3.874878 1.000000
-0.619995 -0.699997 3.874878 1.000000
-0.419998 -0.699997 3.874878 1.000000
-0.419998 -0.899994 3.874878 1.000000
-0.619995 -0.899994 3.874878 1.000000
-0.416351 -0.701660 3.079987 1.000000
-0.616348 -0.901657 3.079987 1.000000
-0.616348 -0.701660 3.079987 1.000000
-0.416351 -0.701660 3.079987 1.000000
-0.416351 -0.901657 3.079987 1.000000
-0.616348 -0.901657 3.079987 1.000000
-0.404999 -0.703568 3.311737 1.000000
-0.605011 -0.903580 3.311737 1.000000
-0.605011 -0.703568 3.311737 1.000000
-0.404999 -0.703568 3.311737 1.000000
-0.404999 -0.903580 3.311737 1.000000
-0.605011 -0.903580 3.311737 1.000000
-0.407028 -0.677475 3.531784 1.000000
-0.607025 -0.877472 3.531784 1.000000
-0.607025 -0.677475 3.531784 1.000000
-0.407028 -0.677475 3.531784 1.000000
-0.407028 -0.877472 3.531784 1.000000
-0.607025 -0.877472 3.531784 1.000000
-0.419998 -0.699997 3.000000 1.000000
-0.619995 -0.899994 3.000000 1.000000
-0.619995 -0.699997 3.000000 1.000000
-0.419998 -0.699997 3.000000 1.000000
-0.419998 -0.899994 3.000000 1.000000
-0.619995 -0.899994 3.000000 1.000000
-0.438934 -0.701752 3.386337 1.000000
-0.638931 -0.901764 3.386337 1.000000
-0.638931 -0.701752 3.386337 1.000000
-0.438934 -0.701752 3.386337 1.000000
-0.438934 -0.901764 3.386337 1.000000
-0.638931 -0.901764 3.386337 1.000000
-0.419998 -0.699997 4.067780 1.000000
-0.619995 -0.899994 4.067780 1.000000
-0.619995 -0.699997 4.067780 1.000000
-0.419998 -0.699997 4.067780 1.000000
-0.419998 -0.899994 4.067780 1.000000
-0.619995 -0.899994 4.067780 1.000000
-0.435913 -0.658035 3.940201 1.000000
-0.635925 -0.858047 3.940201 1.000000
-0.635925 -0.658035 3.940201 1.000000
-0.435913 -0.658035 3.940201 1.000000
-0.435913 -0.858047 3.940201 1.000000
-0.635925 -0.858047 3.940201 1.000000
-0.419998 -0.699997 3.459686 1.000000
-0.619995 -0.899994 3.459686 1.000000
-0.619995 -0.699997 3.459686 1.000000
-0.419998 -0.699997 3.459686 1.000000
-0.419998 -0.899994 3.459686 1.000000
-0.619995 -0.899994 3.459686 1.000000
-0.419998 -0.699997 3.808487 1.000000
-0.619995 -0.899994 3.808487 1.000000
-0.619995 -0.699997 3.808487 1.000000
-0.419998 -0.699997 3.808487 1.000000
-0.419998 -0.899994 3.808487 1.000000
-0.619995 -0.899994 3.808487 1.000000
-0.419998 -0.699997 3.940201 1.000000
-0.619995 -0.899994 3.940201 1.000000
-0.619995 -0.699997 3.940201 1.000000
-0.419998 -0.699997 3.940201 1.000000
-0.419998 -0.899994 3.940201 1.000000
-0.619995 -0.899994 3.940201 1.000000
-0.419998 -0.699997 3.311737 1.000000
-0.619995 -0.899994 3.311737 1.000000
-0.619995 -0.699997 3.311737 1.000000
-0.419998 -0.699997 3.311737 1.000000
-0.419998 -0.899994 3.311737 1.000000
-0.619995 -0.899994 3.311737 1.000000
-0.419998 -0.699997 3.158600 1.000000
-0.619995 -0.899994 3.158600 1.000000
-0.619995 -0.699997 3.158600 1.000000
-0.419998 -0.699997 3.158600 1.000000
-0.419998 -0.899994 3.158600 1.000000
-0.619995 -0.899994 3.158600 1.000000
-0.419998 -0.699997 3.940201 1.000000
-0.619995 -0.899994 3.940201 1.000000
-0.619995 -0.699997 3.940201 1.000000
-0.419998 -0.699997 3.940201 1.000000
-0.419998 -0.899994 3.940201 1.000000
-0.619995 -0.899994 3.940201 1.000000
-0.419998 -0.699997 4.067780 1.000000
-0.619995 -0.899994 4.067780 1.000000
-0.619995 -0.699997 4.067780 1.000000
-0.419998 -0.699997 4.067780 1.000000
-0.419998 -0.899994 4.067780 1.000000
-0.619995 -0.899994 4.067780 1.000000

