***************************************************
vertex:
184.072266, 158.706055, 0.933441, 0.670197
176.306152, 150.937500, 0.933441, 0.670197
176.306152, 158.706055, 0.933441, 0.670197
***************************************************
vertex:
184.072266, 158.706055, 0.933441, 0.670197
184.072266, 150.937500, 0.933441, 0.670197
176.306152, 150.937500, 0.933441, 0.670197
***************************************************
vertex:
184.250488, 158.696289, 0.932938, 0.675171
176.428223, 150.871582, 0.932938, 0.675171
176.428223, 158.696289, 0.932938, 0.675171
***************************************************
vertex:
184.250488, 158.696289, 0.932938, 0.675171
184.250488, 150.871582, 0.932938, 0.675171
176.428223, 150.871582, 0.932938, 0.675171
***************************************************
vertex:
183.220215, 158.671875, 0.935440, 0.650177
175.686035, 151.135254, 0.935440, 0.650177
175.686035, 158.671875, 0.935440, 0.650177
***************************************************
vertex:
183.220215, 158.671875, 0.935440, 0.650177
183.220215, 151.135254, 0.935440, 0.650177
175.686035, 151.135254, 0.935440, 0.650177
***************************************************
vertex:
184.038086, 159.545898, 0.932938, 0.675171
176.213379, 151.726074, 0.932938, 0.675171
176.213379, 159.545898, 0.932938, 0.675171
***************************************************
vertex:
184.038086, 159.545898, 0.932938, 0.675171
184.038086, 151.726074, 0.932938, 0.675171
176.213379, 151.726074, 0.932938, 0.675171
***************************************************
vertex:
185.842285, 158.610840, 0.928513, 0.719482
177.507324, 150.270996, 0.928513, 0.719482
177.507324, 158.610840, 0.928513, 0.719482
***************************************************
vertex:
185.842285, 158.610840, 0.928513, 0.719482
185.842285, 150.270996, 0.928513, 0.719482
177.507324, 150.270996, 0.928513, 0.719482
***************************************************
vertex:
184.250488, 158.696289, 0.932938, 0.675171
176.428223, 150.871582, 0.932938, 0.675171
176.428223, 158.696289, 0.932938, 0.675171
***************************************************
vertex:
184.250488, 158.696289, 0.932938, 0.675171
184.250488, 150.871582, 0.932938, 0.675171
176.428223, 150.871582, 0.932938, 0.675171
***************************************************
vertex:
184.072266, 158.706055, 0.933441, 0.670197
176.306152, 150.937500, 0.933441, 0.670197
176.306152, 158.706055, 0.933441, 0.670197
***************************************************
vertex:
184.072266, 158.706055, 0.933441, 0.670197
184.072266, 150.937500, 0.933441, 0.670197
176.306152, 150.937500, 0.933441, 0.670197
***************************************************
vertex:
183.713379, 158.725586, 0.934433, 0.660217
176.064453, 151.074219, 0.934433, 0.660217
176.064453, 158.725586, 0.934433, 0.660217
***************************************************
vertex:
183.713379, 158.725586, 0.934433, 0.660217
183.713379, 151.074219, 0.934433, 0.660217
176.064453, 151.074219, 0.934433, 0.660217
***************************************************
vertex:
184.963379, 158.657227, 0.930954, 0.694977
176.909180, 150.603027, 0.930954, 0.694977
176.909180, 158.657227, 0.930954, 0.694977
***************************************************
vertex:
184.963379, 158.657227, 0.930954, 0.694977
184.963379, 150.603027, 0.930954, 0.694977
176.909180, 150.603027, 0.930954, 0.694977
***************************************************
vertex:
184.250488, 158.696289, 0.932938, 0.675171
176.428223, 150.871582, 0.932938, 0.675171
176.428223, 158.696289, 0.932938, 0.675171
***************************************************
vertex:
184.250488, 158.696289, 0.932938, 0.675171
184.250488, 150.871582, 0.932938, 0.675171
176.428223, 150.871582, 0.932938, 0.675171
***************************************************
vertex:
186.716309, 159.621582, 0.929977, 0.704819
178.549805, 151.455078, 0.929977, 0.704819
178.549805, 159.621582, 0.929977, 0.704819
***************************************************
vertex:
186.716309, 159.621582, 0.929977, 0.704819
186.716309, 151.455078, 0.929977, 0.704819
178.549805, 151.455078, 0.929977, 0.704819
***************************************************
vertex:
183.845215, 159.475098, 0.932938, 0.675171
176.020508, 151.650391, 0.932938, 0.675171
176.020508, 159.475098, 0.932938, 0.675171
***************************************************
vertex:
183.845215, 159.475098, 0.932938, 0.675171
183.845215, 151.650391, 0.932938, 0.675171
176.020508, 151.650391, 0.932938, 0.675171
***************************************************
vertex:
184.431152, 158.686523, 0.932449, 0.680145
176.550293, 150.803223, 0.932449, 0.680145
176.550293, 158.686523, 0.932449, 0.680145
***************************************************
vertex:
184.431152, 158.686523, 0.932449, 0.680145
184.431152, 150.803223, 0.932449, 0.680145
176.550293, 150.803223, 0.932449, 0.680145
***************************************************
vertex:
183.806152, 159.455566, 0.932938, 0.675171
175.981445, 151.630859, 0.932938, 0.675171
175.981445, 159.455566, 0.932938, 0.675171
***************************************************
vertex:
183.806152, 159.455566, 0.932938, 0.675171
183.806152, 151.630859, 0.932938, 0.675171
175.981445, 151.630859, 0.932938, 0.675171
***************************************************
vertex:
183.713379, 158.725586, 0.934433, 0.660217
176.064453, 151.074219, 0.934433, 0.660217
176.064453, 158.725586, 0.934433, 0.660217
***************************************************
vertex:
183.713379, 158.725586, 0.934433, 0.660217
183.713379, 151.074219, 0.934433, 0.660217
176.064453, 151.074219, 0.934433, 0.660217
***************************************************
vertex:
183.713379, 158.725586, 0.934433, 0.660217
176.064453, 151.074219, 0.934433, 0.660217
176.064453, 158.725586, 0.934433, 0.660217
***************************************************
vertex:
183.713379, 158.725586, 0.934433, 0.660217
183.713379, 151.074219, 0.934433, 0.660217
176.064453, 151.074219, 0.934433, 0.660217
***************************************************
vertex:
185.668945, 158.620605, 0.929001, 0.714615
177.387695, 150.336914, 0.929001, 0.714615
177.387695, 158.620605, 0.929001, 0.714615
***************************************************
vertex:
185.668945, 158.620605, 0.929001, 0.714615
185.668945, 150.336914, 0.929001, 0.714615
177.387695, 150.336914, 0.929001, 0.714615
***************************************************
vertex:
184.333496, 157.814941, 0.932938, 0.675171
176.506348, 149.990234, 0.932938, 0.675171
176.506348, 157.814941, 0.932938, 0.675171
***************************************************
vertex:
184.333496, 157.814941, 0.932938, 0.675171
184.333496, 149.990234, 0.932938, 0.675171
176.506348, 149.990234, 0.932938, 0.675171
***************************************************
vertex:
184.072266, 158.706055, 0.933441, 0.670197
176.306152, 150.937500, 0.933441, 0.670197
176.306152, 158.706055, 0.933441, 0.670197
***************************************************
vertex:
184.072266, 158.706055, 0.933441, 0.670197
184.072266, 150.937500, 0.933441, 0.670197
176.306152, 150.937500, 0.933441, 0.670197
***************************************************
vertex:
185.493164, 158.627930, 0.929489, 0.709717
177.268066, 150.402832, 0.929489, 0.709717
177.268066, 158.627930, 0.929489, 0.709717
***************************************************
vertex:
185.493164, 158.627930, 0.929489, 0.709717
185.493164, 150.402832, 0.929489, 0.709717
177.268066, 150.402832, 0.929489, 0.709717
***************************************************
vertex:
185.041504, 158.295898, 0.932938, 0.675171
177.216797, 150.471191, 0.932938, 0.675171
177.216797, 158.295898, 0.932938, 0.675171
***************************************************
vertex:
185.041504, 158.295898, 0.932938, 0.675171
185.041504, 150.471191, 0.932938, 0.675171
177.216797, 150.471191, 0.932938, 0.675171
***************************************************
vertex:
184.250488, 158.696289, 0.932938, 0.675171
176.428223, 150.871582, 0.932938, 0.675171
176.428223, 158.696289, 0.932938, 0.675171
***************************************************
vertex:
184.250488, 158.696289, 0.932938, 0.675171
184.250488, 150.871582, 0.932938, 0.675171
176.428223, 150.871582, 0.932938, 0.675171
***************************************************
vertex:
183.354492, 158.745117, 0.935440, 0.650177
175.820312, 151.208496, 0.935440, 0.650177
175.820312, 158.745117, 0.935440, 0.650177
***************************************************
vertex:
183.354492, 158.745117, 0.935440, 0.650177
183.354492, 151.208496, 0.935440, 0.650177
175.820312, 151.208496, 0.935440, 0.650177
***************************************************
vertex:
184.714355, 159.067383, 0.933441, 0.670197
176.950684, 151.301270, 0.933441, 0.670197
176.950684, 159.067383, 0.933441, 0.670197
***************************************************
vertex:
184.714355, 159.067383, 0.933441, 0.670197
184.714355, 151.301270, 0.933441, 0.670197
176.950684, 151.301270, 0.933441, 0.670197
***************************************************
vertex:
185.036621, 158.652344, 0.930756, 0.697052
176.960449, 150.573730, 0.930756, 0.697052
176.960449, 158.652344, 0.930756, 0.697052
***************************************************
vertex:
185.036621, 158.652344, 0.930756, 0.697052
185.036621, 150.573730, 0.930756, 0.697052
176.960449, 150.573730, 0.930756, 0.697052
***************************************************
vertex:
143.444824, 158.686523, 0.932449, 0.680145
135.563965, 150.803223, 0.932449, 0.680145
135.563965, 158.686523, 0.932449, 0.680145
***************************************************
vertex:
143.444824, 158.686523, 0.932449, 0.680145
143.444824, 150.803223, 0.932449, 0.680145
135.563965, 150.803223, 0.932449, 0.680145
***************************************************
vertex:
143.930664, 158.725586, 0.934433, 0.660217
136.279297, 151.074219, 0.934433, 0.660217
136.279297, 158.725586, 0.934433, 0.660217
***************************************************
vertex:
143.930664, 158.725586, 0.934433, 0.660217
143.930664, 151.074219, 0.934433, 0.660217
136.279297, 151.074219, 0.934433, 0.660217
***************************************************
vertex:
143.374023, 158.681641, 0.932159, 0.683044
135.458984, 150.764160, 0.932159, 0.683044
135.458984, 158.681641, 0.932159, 0.683044
***************************************************
vertex:
143.374023, 158.681641, 0.932159, 0.683044
143.374023, 150.764160, 0.932159, 0.683044
135.458984, 150.764160, 0.932159, 0.683044
***************************************************
vertex:
144.182129, 158.745117, 0.935471, 0.649918
136.650391, 151.213379, 0.935471, 0.649918
136.650391, 158.745117, 0.935471, 0.649918
***************************************************
vertex:
144.182129, 158.745117, 0.935471, 0.649918
144.182129, 151.213379, 0.935471, 0.649918
136.650391, 151.213379, 0.935471, 0.649918
***************************************************
vertex:
143.498535, 158.598633, 0.934433, 0.660217
135.847168, 150.947266, 0.934433, 0.660217
135.847168, 158.598633, 0.934433, 0.660217
***************************************************
vertex:
143.498535, 158.598633, 0.934433, 0.660217
143.498535, 150.947266, 0.934433, 0.660217
135.847168, 150.947266, 0.934433, 0.660217
***************************************************
vertex:
143.869629, 160.192871, 0.928513, 0.719482
135.532227, 151.857910, 0.928513, 0.719482
135.532227, 160.192871, 0.928513, 0.719482
***************************************************
vertex:
143.869629, 160.192871, 0.928513, 0.719482
143.869629, 151.857910, 0.928513, 0.719482
135.532227, 151.857910, 0.928513, 0.719482
***************************************************
vertex:
144.270020, 158.076172, 0.932449, 0.680145
136.389160, 150.197754, 0.932449, 0.680145
136.389160, 158.076172, 0.932449, 0.680145
***************************************************
vertex:
144.270020, 158.076172, 0.932449, 0.680145
144.270020, 150.197754, 0.932449, 0.680145
136.389160, 150.197754, 0.932449, 0.680145
***************************************************
vertex:
143.688965, 158.706055, 0.933441, 0.670197
135.920410, 150.937500, 0.933441, 0.670197
135.920410, 158.706055, 0.933441, 0.670197
***************************************************
vertex:
143.688965, 158.706055, 0.933441, 0.670197
143.688965, 150.937500, 0.933441, 0.670197
135.920410, 150.937500, 0.933441, 0.670197
***************************************************
vertex:
143.444824, 158.686523, 0.932449, 0.680145
135.563965, 150.803223, 0.932449, 0.680145
135.563965, 158.686523, 0.932449, 0.680145
***************************************************
vertex:
143.444824, 158.686523, 0.932449, 0.680145
143.444824, 150.803223, 0.932449, 0.680145
135.563965, 150.803223, 0.932449, 0.680145
***************************************************
vertex:
144.035645, 159.157715, 0.934433, 0.660217
136.384277, 151.503906, 0.934433, 0.660217
136.384277, 159.157715, 0.934433, 0.660217
***************************************************
vertex:
144.035645, 159.157715, 0.934433, 0.660217
144.035645, 151.503906, 0.934433, 0.660217
136.384277, 151.503906, 0.934433, 0.660217
***************************************************
vertex:
142.844238, 158.637695, 0.929977, 0.704819
134.677734, 150.468750, 0.929977, 0.704819
134.677734, 158.637695, 0.929977, 0.704819
***************************************************
vertex:
142.844238, 158.637695, 0.929977, 0.704819
142.844238, 150.468750, 0.929977, 0.704819
134.677734, 150.468750, 0.929977, 0.704819
***************************************************
vertex:
144.313965, 158.676758, 0.935440, 0.650177
136.777344, 151.142578, 0.935440, 0.650177
136.777344, 158.676758, 0.935440, 0.650177
***************************************************
vertex:
144.313965, 158.676758, 0.935440, 0.650177
144.313965, 151.142578, 0.935440, 0.650177
136.777344, 151.142578, 0.935440, 0.650177
***************************************************
vertex:
144.384766, 158.574219, 0.933945, 0.665207
136.677246, 150.864258, 0.933945, 0.665207
136.677246, 158.574219, 0.933945, 0.665207
***************************************************
vertex:
144.384766, 158.574219, 0.933945, 0.665207
144.384766, 150.864258, 0.933945, 0.665207
136.677246, 150.864258, 0.933945, 0.665207
***************************************************
vertex:
143.955078, 159.570312, 0.932449, 0.680145
136.074219, 151.689453, 0.932449, 0.680145
136.074219, 159.570312, 0.932449, 0.680145
***************************************************
vertex:
143.955078, 159.570312, 0.932449, 0.680145
143.955078, 151.689453, 0.932449, 0.680145
136.074219, 151.689453, 0.932449, 0.680145
***************************************************
vertex:
144.296875, 158.754883, 0.935944, 0.645142
136.821289, 151.276855, 0.935944, 0.645142
136.821289, 158.754883, 0.935944, 0.645142
***************************************************
vertex:
144.296875, 158.754883, 0.935944, 0.645142
144.296875, 151.276855, 0.935944, 0.645142
136.821289, 151.276855, 0.935944, 0.645142
***************************************************
vertex:
142.954102, 158.632812, 0.933441, 0.670197
135.185547, 150.866699, 0.933441, 0.670197
135.185547, 158.632812, 0.933441, 0.670197
***************************************************
vertex:
142.954102, 158.632812, 0.933441, 0.670197
142.954102, 150.866699, 0.933441, 0.670197
135.185547, 150.866699, 0.933441, 0.670197
***************************************************
vertex:
142.487793, 158.610840, 0.928513, 0.719482
134.150391, 150.270996, 0.928513, 0.719482
134.150391, 158.610840, 0.928513, 0.719482
***************************************************
vertex:
142.487793, 158.610840, 0.928513, 0.719482
142.487793, 150.270996, 0.928513, 0.719482
134.150391, 150.270996, 0.928513, 0.719482
***************************************************
vertex:
142.070312, 160.349121, 0.929489, 0.709717
133.842773, 152.126465, 0.929489, 0.709717
133.842773, 160.349121, 0.929489, 0.709717
***************************************************
vertex:
142.070312, 160.349121, 0.929489, 0.709717
142.070312, 152.126465, 0.929489, 0.709717
133.842773, 152.126465, 0.929489, 0.709717
***************************************************
vertex:
143.566895, 158.696289, 0.932938, 0.675171
135.742188, 150.871582, 0.932938, 0.675171
135.742188, 158.696289, 0.932938, 0.675171
***************************************************
vertex:
143.566895, 158.696289, 0.932938, 0.675171
143.566895, 150.871582, 0.932938, 0.675171
135.742188, 150.871582, 0.932938, 0.675171
***************************************************
vertex:
142.963867, 158.647461, 0.930466, 0.699905
134.853516, 150.537109, 0.930466, 0.699905
134.853516, 158.647461, 0.930466, 0.699905
***************************************************
vertex:
142.963867, 158.647461, 0.930466, 0.699905
142.963867, 150.537109, 0.930466, 0.699905
134.853516, 150.537109, 0.930466, 0.699905
***************************************************
vertex:
142.727051, 158.627930, 0.929489, 0.709717
134.499512, 150.402832, 0.929489, 0.709717
134.499512, 158.627930, 0.929489, 0.709717
***************************************************
vertex:
142.727051, 158.627930, 0.929489, 0.709717
142.727051, 150.402832, 0.929489, 0.709717
134.499512, 150.402832, 0.929489, 0.709717
***************************************************
vertex:
143.808594, 158.715820, 0.933945, 0.665207
136.098633, 151.005859, 0.933945, 0.665207
136.098633, 158.715820, 0.933945, 0.665207
***************************************************
vertex:
143.808594, 158.715820, 0.933945, 0.665207
143.808594, 151.005859, 0.933945, 0.665207
136.098633, 151.005859, 0.933945, 0.665207
***************************************************
vertex:
144.052734, 158.735352, 0.934937, 0.655197
136.459961, 151.140137, 0.934937, 0.655197
136.459961, 158.735352, 0.934937, 0.655197
***************************************************
vertex:
144.052734, 158.735352, 0.934937, 0.655197
144.052734, 151.140137, 0.934937, 0.655197
136.459961, 151.140137, 0.934937, 0.655197
***************************************************
vertex:
142.727051, 158.627930, 0.929489, 0.709717
134.499512, 150.402832, 0.929489, 0.709717
134.499512, 158.627930, 0.929489, 0.709717
***************************************************
vertex:
142.727051, 158.627930, 0.929489, 0.709717
142.727051, 150.402832, 0.929489, 0.709717
134.499512, 150.402832, 0.929489, 0.709717
***************************************************
vertex:
142.487793, 158.610840, 0.928513, 0.719482
134.150391, 150.270996, 0.928513, 0.719482
134.150391, 158.610840, 0.928513, 0.719482
***************************************************
vertex:
142.487793, 158.610840, 0.928513, 0.719482
142.487793, 150.270996, 0.928513, 0.719482
134.150391, 150.270996, 0.928513, 0.719482
