 100.952148	 204.435425	 0.979874	 1.000000	 
 215.688477	 199.621582	 0.981049	 1.000000	 
 252.497559	 119.956055	 0.973801	 1.000000	 
 100.952148	 204.435425	 0.979874	 1.000000	 
 252.497559	 119.956055	 0.973801	 1.000000	 
 94.445801	 119.952393	 0.971527	 1.000000	 
 =====================================
 104.550781	 120.025635	 0.984482	 1.000000	 
 215.666504	 40.394897	 0.981049	 1.000000	 
 194.594727	 120.023804	 0.985199	 1.000000	 
 104.550781	 120.025635	 0.984482	 1.000000	 
 100.957031	 35.582886	 0.979874	 1.000000	 
 215.666504	 40.394897	 0.981049	 1.000000	 
 =====================================
 215.666504	 40.394897	 0.981049	 1.000000	 
 94.445801	 119.952393	 0.971527	 1.000000	 
 252.497559	 119.956055	 0.973801	 1.000000	 
 94.445801	 119.952393	 0.971527	 1.000000	 
 215.666504	 40.394897	 0.981049	 1.000000	 
 100.957031	 35.582886	 0.979874	 1.000000	 
 =====================================
 194.594727	 120.023804	 0.985199	 1.000000	 
 215.688477	 199.621582	 0.981049	 1.000000	 
 100.952148	 204.435425	 0.979874	 1.000000	 
 100.952148	 204.435425	 0.979874	 1.000000	 
 104.550781	 120.025635	 0.984482	 1.000000	 
 194.594727	 120.023804	 0.985199	 1.000000	 
 =====================================
 252.497559	 119.956055	 0.973801	 1.000000	 
 194.594727	 120.023804	 0.985199	 1.000000	 
 215.666504	 40.394897	 0.981049	 1.000000	 
 194.594727	 120.023804	 0.985199	 1.000000	 
 252.497559	 119.956055	 0.973801	 1.000000	 
 215.688477	 199.621582	 0.981049	 1.000000	 
 =====================================
 94.445801	 119.952393	 0.971527	 1.000000	 
 100.957031	 35.582886	 0.979874	 1.000000	 
 104.550781	 120.025635	 0.984482	 1.000000	 
 100.952148	 204.435425	 0.979874	 1.000000	 
 94.445801	 119.952393	 0.971527	 1.000000	 
 104.550781	 120.025635	 0.984482	 1.000000	 
 =====================================
