 102.050781	 201.958008	 0.980484	 1.000000	 
 217.949219	 201.958008	 0.980484	 1.000000	 
 240.793457	 119.954224	 0.972595	 1.000000	 
 102.050781	 201.958008	 0.980484	 1.000000	 
 240.793457	 119.954224	 0.972595	 1.000000	 
 79.206543	 119.954224	 0.972595	 1.000000	 
 =====================================
 114.833984	 120.023804	 0.984894	 1.000000	 
 217.934570	 38.060303	 0.980484	 1.000000	 
 205.166016	 120.023804	 0.984894	 1.000000	 
 114.833984	 120.023804	 0.984894	 1.000000	 
 102.065430	 38.060303	 0.980484	 1.000000	 
 217.934570	 38.060303	 0.980484	 1.000000	 
 =====================================
 217.934570	 38.060303	 0.980484	 1.000000	 
 79.206543	 119.954224	 0.972595	 1.000000	 
 240.793457	 119.954224	 0.972595	 1.000000	 
 79.206543	 119.954224	 0.972595	 1.000000	 
 217.934570	 38.060303	 0.980484	 1.000000	 
 102.065430	 38.060303	 0.980484	 1.000000	 
 =====================================
 205.166016	 120.023804	 0.984894	 1.000000	 
 217.949219	 201.958008	 0.980484	 1.000000	 
 102.050781	 201.958008	 0.980484	 1.000000	 
 102.050781	 201.958008	 0.980484	 1.000000	 
 114.833984	 120.023804	 0.984894	 1.000000	 
 205.166016	 120.023804	 0.984894	 1.000000	 
 =====================================
 240.793457	 119.954224	 0.972595	 1.000000	 
 205.166016	 120.023804	 0.984894	 1.000000	 
 217.934570	 38.060303	 0.980484	 1.000000	 
 205.166016	 120.023804	 0.984894	 1.000000	 
 240.793457	 119.954224	 0.972595	 1.000000	 
 217.949219	 201.958008	 0.980484	 1.000000	 
 =====================================
 79.206543	 119.954224	 0.972595	 1.000000	 
 102.065430	 38.060303	 0.980484	 1.000000	 
 114.833984	 120.023804	 0.984894	 1.000000	 
 102.050781	 201.958008	 0.980484	 1.000000	 
 79.206543	 119.954224	 0.972595	 1.000000	 
 114.833984	 120.023804	 0.984894	 1.000000	 
 =====================================
