 101.181641	 203.596802	 0.980072	 1.000000	 
 216.562500	 200.383301	 0.980865	 1.000000	 
 248.996582	 119.956055	 0.973373	 1.000000	 
 101.181641	 203.596802	 0.980072	 1.000000	 
 248.996582	 119.956055	 0.973373	 1.000000	 
 88.984375	 119.954224	 0.971863	 1.000000	 
 =====================================
 107.941895	 120.025635	 0.984634	 1.000000	 
 216.545410	 39.635010	 0.980865	 1.000000	 
 198.149414	 120.023804	 0.985107	 1.000000	 
 107.941895	 120.025635	 0.984634	 1.000000	 
 101.188965	 36.423340	 0.980087	 1.000000	 
 216.545410	 39.635010	 0.980865	 1.000000	 
 =====================================
 216.545410	 39.635010	 0.980865	 1.000000	 
 88.984375	 119.954224	 0.971863	 1.000000	 
 248.996582	 119.956055	 0.973373	 1.000000	 
 88.984375	 119.954224	 0.971863	 1.000000	 
 216.545410	 39.635010	 0.980865	 1.000000	 
 101.188965	 36.423340	 0.980087	 1.000000	 
 =====================================
 198.149414	 120.023804	 0.985107	 1.000000	 
 216.562500	 200.383301	 0.980865	 1.000000	 
 101.181641	 203.596802	 0.980072	 1.000000	 
 101.181641	 203.596802	 0.980072	 1.000000	 
 107.941895	 120.025635	 0.984634	 1.000000	 
 198.149414	 120.023804	 0.985107	 1.000000	 
 =====================================
 248.996582	 119.956055	 0.973373	 1.000000	 
 198.149414	 120.023804	 0.985107	 1.000000	 
 216.545410	 39.635010	 0.980865	 1.000000	 
 198.149414	 120.023804	 0.985107	 1.000000	 
 248.996582	 119.956055	 0.973373	 1.000000	 
 216.562500	 200.383301	 0.980865	 1.000000	 
 =====================================
 88.984375	 119.954224	 0.971863	 1.000000	 
 101.188965	 36.423340	 0.980087	 1.000000	 
 107.941895	 120.025635	 0.984634	 1.000000	 
 101.181641	 203.596802	 0.980072	 1.000000	 
 88.984375	 119.954224	 0.971863	 1.000000	 
 107.941895	 120.025635	 0.984634	 1.000000	 
 =====================================
