 101.550293	 202.769165	 0.980286	 1.000000	 
 217.316895	 201.161499	 0.980667	 1.000000	 
 245.090332	 119.956055	 0.972977	 1.000000	 
 101.550293	 202.769165	 0.980286	 1.000000	 
 245.090332	 119.956055	 0.972977	 1.000000	 
 83.901367	 119.954224	 0.972214	 1.000000	 
 =====================================
 111.372070	 120.023804	 0.984772	 1.000000	 
 217.299805	 38.854980	 0.980682	 1.000000	 
 201.672363	 120.023804	 0.985001	 1.000000	 
 111.372070	 120.023804	 0.984772	 1.000000	 
 101.560059	 37.249146	 0.980286	 1.000000	 
 217.299805	 38.854980	 0.980682	 1.000000	 
 =====================================
 217.299805	 38.854980	 0.980682	 1.000000	 
 83.901367	 119.954224	 0.972214	 1.000000	 
 245.090332	 119.956055	 0.972977	 1.000000	 
 83.901367	 119.954224	 0.972214	 1.000000	 
 217.299805	 38.854980	 0.980682	 1.000000	 
 101.560059	 37.249146	 0.980286	 1.000000	 
 =====================================
 201.672363	 120.023804	 0.985001	 1.000000	 
 217.316895	 201.161499	 0.980667	 1.000000	 
 101.550293	 202.769165	 0.980286	 1.000000	 
 101.550293	 202.769165	 0.980286	 1.000000	 
 111.372070	 120.023804	 0.984772	 1.000000	 
 201.672363	 120.023804	 0.985001	 1.000000	 
 =====================================
 245.090332	 119.956055	 0.972977	 1.000000	 
 201.672363	 120.023804	 0.985001	 1.000000	 
 217.299805	 38.854980	 0.980682	 1.000000	 
 201.672363	 120.023804	 0.985001	 1.000000	 
 245.090332	 119.956055	 0.972977	 1.000000	 
 217.316895	 201.161499	 0.980667	 1.000000	 
 =====================================
 83.901367	 119.954224	 0.972214	 1.000000	 
 101.560059	 37.249146	 0.980286	 1.000000	 
 111.372070	 120.023804	 0.984772	 1.000000	 
 101.550293	 202.769165	 0.980286	 1.000000	 
 83.901367	 119.954224	 0.972214	 1.000000	 
 111.372070	 120.023804	 0.984772	 1.000000	 
 =====================================
