texcoord0 1.000000 0.000000 0.000000 1.000000
normal 0.000000 0.000000 0.000000 0.000000
gl_Position 0.224503 -0.012085 1.293472 1.492081
---------------------------------------------------
texcoord0 0.000000 1.000000 0.000000 1.000000
normal 0.000000 0.000000 0.000000 0.000000
gl_Position 0.152084 -0.084518 1.293472 1.492081
---------------------------------------------------
texcoord0 0.000000 0.000000 0.000000 1.000000
normal 0.000000 0.000000 0.000000 0.000000
gl_Position 0.152084 -0.012085 1.293472 1.492081
---------------------------------------------------
texcoord0 1.000000 0.000000 0.000000 1.000000
normal 0.000000 0.000000 0.000000 0.000000
gl_Position 0.224503 -0.012085 1.293472 1.492081
---------------------------------------------------
texcoord0 1.000000 1.000000 0.000000 1.000000
normal 0.000000 0.000000 0.000000 0.000000
gl_Position 0.224503 -0.084518 1.293472 1.492081
---------------------------------------------------
texcoord0 0.000000 1.000000 0.000000 1.000000
normal 0.000000 0.000000 0.000000 0.000000
gl_Position 0.152084 -0.084518 1.293472 1.492081
---------------------------------------------------
texcoord0 1.000000 0.000000 0.000000 1.000000
normal 0.000000 0.000000 0.000000 0.000000
gl_Position 0.224503 -0.012085 1.282471 1.481079
---------------------------------------------------
texcoord0 0.000000 1.000000 0.000000 1.000000
normal 0.000000 0.000000 0.000000 0.000000
gl_Position 0.152084 -0.084518 1.282471 1.481079
---------------------------------------------------
texcoord0 0.000000 0.000000 0.000000 1.000000
normal 0.000000 0.000000 0.000000 0.000000
gl_Position 0.152084 -0.012085 1.282471 1.481079
---------------------------------------------------
texcoord0 1.000000 0.000000 0.000000 1.000000
normal 0.000000 0.000000 0.000000 0.000000
gl_Position 0.224503 -0.012085 1.282471 1.481079
---------------------------------------------------
texcoord0 1.000000 1.000000 0.000000 1.000000
normal 0.000000 0.000000 0.000000 0.000000
gl_Position 0.224503 -0.084518 1.282471 1.481079
---------------------------------------------------
texcoord0 0.000000 1.000000 0.000000 1.000000
normal 0.000000 0.000000 0.000000 0.000000
gl_Position 0.152084 -0.084518 1.282471 1.481079
---------------------------------------------------
texcoord0 1.000000 0.000000 0.000000 1.000000
normal 0.000000 0.000000 0.000000 0.000000
gl_Position 0.223221 -0.012787 1.339462 1.538025
---------------------------------------------------
texcoord0 0.000000 1.000000 0.000000 1.000000
normal 0.000000 0.000000 0.000000 0.000000
gl_Position 0.150787 -0.085220 1.339462 1.538025
---------------------------------------------------
texcoord0 0.000000 0.000000 0.000000 1.000000
normal 0.000000 0.000000 0.000000 0.000000
gl_Position 0.150787 -0.012787 1.339462 1.538025
---------------------------------------------------
texcoord0 1.000000 0.000000 0.000000 1.000000
normal 0.000000 0.000000 0.000000 0.000000
gl_Position 0.223221 -0.012787 1.339462 1.538025
---------------------------------------------------
texcoord0 1.000000 1.000000 0.000000 1.000000
normal 0.000000 0.000000 0.000000 0.000000
gl_Position 0.223221 -0.085220 1.339462 1.538025
---------------------------------------------------
texcoord0 0.000000 1.000000 0.000000 1.000000
normal 0.000000 0.000000 0.000000 0.000000
gl_Position 0.150787 -0.085220 1.339462 1.538025
---------------------------------------------------
texcoord0 1.000000 0.000000 0.000000 1.000000
normal 0.000000 0.000000 0.000000 0.000000
gl_Position 0.222519 -0.004211 1.282471 1.481079
---------------------------------------------------
texcoord0 0.000000 1.000000 0.000000 1.000000
normal 0.000000 0.000000 0.000000 0.000000
gl_Position 0.150085 -0.076599 1.282471 1.481079
---------------------------------------------------
texcoord0 0.000000 0.000000 0.000000 1.000000
normal 0.000000 0.000000 0.000000 0.000000
gl_Position 0.150085 -0.004211 1.282471 1.481079
---------------------------------------------------
texcoord0 1.000000 0.000000 0.000000 1.000000
normal 0.000000 0.000000 0.000000 0.000000
gl_Position 0.222519 -0.004211 1.282471 1.481079
---------------------------------------------------
texcoord0 1.000000 1.000000 0.000000 1.000000
normal 0.000000 0.000000 0.000000 0.000000
gl_Position 0.222519 -0.076599 1.282471 1.481079
---------------------------------------------------
texcoord0 0.000000 1.000000 0.000000 1.000000
normal 0.000000 0.000000 0.000000 0.000000
gl_Position 0.150085 -0.076599 1.282471 1.481079
---------------------------------------------------
texcoord0 1.000000 0.000000 0.000000 1.000000
normal 0.000000 0.000000 0.000000 0.000000
gl_Position 0.224503 -0.012085 1.191162 1.389862
---------------------------------------------------
texcoord0 0.000000 1.000000 0.000000 1.000000
normal 0.000000 0.000000 0.000000 0.000000
gl_Position 0.152084 -0.084518 1.191162 1.389862
---------------------------------------------------
texcoord0 0.000000 0.000000 0.000000 1.000000
normal 0.000000 0.000000 0.000000 0.000000
gl_Position 0.152084 -0.012085 1.191162 1.389862
---------------------------------------------------
texcoord0 1.000000 0.000000 0.000000 1.000000
normal 0.000000 0.000000 0.000000 0.000000
gl_Position 0.224503 -0.012085 1.191162 1.389862
---------------------------------------------------
texcoord0 1.000000 1.000000 0.000000 1.000000
normal 0.000000 0.000000 0.000000 0.000000
gl_Position 0.224503 -0.084518 1.191162 1.389862
---------------------------------------------------
texcoord0 0.000000 1.000000 0.000000 1.000000
normal 0.000000 0.000000 0.000000 0.000000
gl_Position 0.152084 -0.084518 1.191162 1.389862
---------------------------------------------------
texcoord0 1.000000 0.000000 0.000000 1.000000
normal 0.000000 0.000000 0.000000 0.000000
gl_Position 0.224503 -0.012085 1.282471 1.481079
---------------------------------------------------
texcoord0 0.000000 1.000000 0.000000 1.000000
normal 0.000000 0.000000 0.000000 0.000000
gl_Position 0.152084 -0.084518 1.282471 1.481079
---------------------------------------------------
texcoord0 0.000000 0.000000 0.000000 1.000000
normal 0.000000 0.000000 0.000000 0.000000
gl_Position 0.152084 -0.012085 1.282471 1.481079
---------------------------------------------------
texcoord0 1.000000 0.000000 0.000000 1.000000
normal 0.000000 0.000000 0.000000 0.000000
gl_Position 0.224503 -0.012085 1.282471 1.481079
---------------------------------------------------
texcoord0 1.000000 1.000000 0.000000 1.000000
normal 0.000000 0.000000 0.000000 0.000000
gl_Position 0.224503 -0.084518 1.282471 1.481079
---------------------------------------------------
texcoord0 0.000000 1.000000 0.000000 1.000000
normal 0.000000 0.000000 0.000000 0.000000
gl_Position 0.152084 -0.084518 1.282471 1.481079
---------------------------------------------------
texcoord0 1.000000 0.000000 0.000000 1.000000
normal 0.000000 0.000000 0.000000 0.000000
gl_Position 0.224503 -0.012085 1.293472 1.492081
---------------------------------------------------
texcoord0 0.000000 1.000000 0.000000 1.000000
normal 0.000000 0.000000 0.000000 0.000000
gl_Position 0.152084 -0.084518 1.293472 1.492081
---------------------------------------------------
texcoord0 0.000000 0.000000 0.000000 1.000000
normal 0.000000 0.000000 0.000000 0.000000
gl_Position 0.152084 -0.012085 1.293472 1.492081
---------------------------------------------------
texcoord0 1.000000 0.000000 0.000000 1.000000
normal 0.000000 0.000000 0.000000 0.000000
gl_Position 0.224503 -0.012085 1.293472 1.492081
---------------------------------------------------
texcoord0 1.000000 1.000000 0.000000 1.000000
normal 0.000000 0.000000 0.000000 0.000000
gl_Position 0.224503 -0.084518 1.293472 1.492081
---------------------------------------------------
texcoord0 0.000000 1.000000 0.000000 1.000000
normal 0.000000 0.000000 0.000000 0.000000
gl_Position 0.152084 -0.084518 1.293472 1.492081
---------------------------------------------------
texcoord0 1.000000 0.000000 0.000000 1.000000
normal 0.000000 0.000000 0.000000 0.000000
gl_Position 0.224503 -0.012085 1.316071 1.514648
---------------------------------------------------
texcoord0 0.000000 1.000000 0.000000 1.000000
normal 0.000000 0.000000 0.000000 0.000000
gl_Position 0.152084 -0.084518 1.316071 1.514648
---------------------------------------------------
texcoord0 0.000000 0.000000 0.000000 1.000000
normal 0.000000 0.000000 0.000000 0.000000
gl_Position 0.152084 -0.012085 1.316071 1.514648
---------------------------------------------------
texcoord0 1.000000 0.000000 0.000000 1.000000
normal 0.000000 0.000000 0.000000 0.000000
gl_Position 0.224503 -0.012085 1.316071 1.514648
---------------------------------------------------
texcoord0 1.000000 1.000000 0.000000 1.000000
normal 0.000000 0.000000 0.000000 0.000000
gl_Position 0.224503 -0.084518 1.316071 1.514648
---------------------------------------------------
texcoord0 0.000000 1.000000 0.000000 1.000000
normal 0.000000 0.000000 0.000000 0.000000
gl_Position 0.152084 -0.084518 1.316071 1.514648
---------------------------------------------------
texcoord0 1.000000 0.000000 0.000000 1.000000
normal 0.000000 0.000000 0.000000 0.000000
gl_Position 0.224503 -0.012085 1.240219 1.438873
---------------------------------------------------
texcoord0 0.000000 1.000000 0.000000 1.000000
normal 0.000000 0.000000 0.000000 0.000000
gl_Position 0.152084 -0.084518 1.240219 1.438873
---------------------------------------------------
texcoord0 0.000000 0.000000 0.000000 1.000000
normal 0.000000 0.000000 0.000000 0.000000
gl_Position 0.152084 -0.012085 1.240219 1.438873
---------------------------------------------------
texcoord0 1.000000 0.000000 0.000000 1.000000
normal 0.000000 0.000000 0.000000 0.000000
gl_Position 0.224503 -0.012085 1.240219 1.438873
---------------------------------------------------
texcoord0 1.000000 1.000000 0.000000 1.000000
normal 0.000000 0.000000 0.000000 0.000000
gl_Position 0.224503 -0.084518 1.240219 1.438873
---------------------------------------------------
texcoord0 0.000000 1.000000 0.000000 1.000000
normal 0.000000 0.000000 0.000000 0.000000
gl_Position 0.152084 -0.084518 1.240219 1.438873
---------------------------------------------------
texcoord0 1.000000 0.000000 0.000000 1.000000
normal 0.000000 0.000000 0.000000 0.000000
gl_Position 0.224503 -0.012085 1.282471 1.481079
---------------------------------------------------
texcoord0 0.000000 1.000000 0.000000 1.000000
normal 0.000000 0.000000 0.000000 0.000000
gl_Position 0.152084 -0.084518 1.282471 1.481079
---------------------------------------------------
texcoord0 0.000000 0.000000 0.000000 1.000000
normal 0.000000 0.000000 0.000000 0.000000
gl_Position 0.152084 -0.012085 1.282471 1.481079
---------------------------------------------------
texcoord0 1.000000 0.000000 0.000000 1.000000
normal 0.000000 0.000000 0.000000 0.000000
gl_Position 0.224503 -0.012085 1.282471 1.481079
---------------------------------------------------
texcoord0 1.000000 1.000000 0.000000 1.000000
normal 0.000000 0.000000 0.000000 0.000000
gl_Position 0.224503 -0.084518 1.282471 1.481079
---------------------------------------------------
texcoord0 0.000000 1.000000 0.000000 1.000000
normal 0.000000 0.000000 0.000000 0.000000
gl_Position 0.152084 -0.084518 1.282471 1.481079
---------------------------------------------------
texcoord0 1.000000 0.000000 0.000000 1.000000
normal 0.000000 0.000000 0.000000 0.000000
gl_Position 0.236923 -0.003357 1.220123 1.418793
---------------------------------------------------
texcoord0 0.000000 1.000000 0.000000 1.000000
normal 0.000000 0.000000 0.000000 0.000000
gl_Position 0.164490 -0.075790 1.220123 1.418793
---------------------------------------------------
texcoord0 0.000000 0.000000 0.000000 1.000000
normal 0.000000 0.000000 0.000000 0.000000
gl_Position 0.164490 -0.003357 1.220123 1.418793
---------------------------------------------------
texcoord0 1.000000 0.000000 0.000000 1.000000
normal 0.000000 0.000000 0.000000 0.000000
gl_Position 0.236923 -0.003357 1.220123 1.418793
---------------------------------------------------
texcoord0 1.000000 1.000000 0.000000 1.000000
normal 0.000000 0.000000 0.000000 0.000000
gl_Position 0.236923 -0.075790 1.220123 1.418793
---------------------------------------------------
texcoord0 0.000000 1.000000 0.000000 1.000000
normal 0.000000 0.000000 0.000000 0.000000
gl_Position 0.164490 -0.075790 1.220123 1.418793
---------------------------------------------------
texcoord0 1.000000 0.000000 0.000000 1.000000
normal 0.000000 0.000000 0.000000 0.000000
gl_Position 0.220749 -0.004868 1.282471 1.481079
---------------------------------------------------
texcoord0 0.000000 1.000000 0.000000 1.000000
normal 0.000000 0.000000 0.000000 0.000000
gl_Position 0.148315 -0.077301 1.282471 1.481079
---------------------------------------------------
texcoord0 0.000000 0.000000 0.000000 1.000000
normal 0.000000 0.000000 0.000000 0.000000
gl_Position 0.148315 -0.004868 1.282471 1.481079
---------------------------------------------------
texcoord0 1.000000 0.000000 0.000000 1.000000
normal 0.000000 0.000000 0.000000 0.000000
gl_Position 0.220749 -0.004868 1.282471 1.481079
---------------------------------------------------
texcoord0 1.000000 1.000000 0.000000 1.000000
normal 0.000000 0.000000 0.000000 0.000000
gl_Position 0.220749 -0.077301 1.282471 1.481079
---------------------------------------------------
texcoord0 0.000000 1.000000 0.000000 1.000000
normal 0.000000 0.000000 0.000000 0.000000
gl_Position 0.148315 -0.077301 1.282471 1.481079
---------------------------------------------------
texcoord0 1.000000 0.000000 0.000000 1.000000
normal 0.000000 0.000000 0.000000 0.000000
gl_Position 0.224503 -0.012085 1.271637 1.470261
---------------------------------------------------
texcoord0 0.000000 1.000000 0.000000 1.000000
normal 0.000000 0.000000 0.000000 0.000000
gl_Position 0.152084 -0.084518 1.271637 1.470261
---------------------------------------------------
texcoord0 0.000000 0.000000 0.000000 1.000000
normal 0.000000 0.000000 0.000000 0.000000
gl_Position 0.152084 -0.012085 1.271637 1.470261
---------------------------------------------------
texcoord0 1.000000 0.000000 0.000000 1.000000
normal 0.000000 0.000000 0.000000 0.000000
gl_Position 0.224503 -0.012085 1.271637 1.470261
---------------------------------------------------
texcoord0 1.000000 1.000000 0.000000 1.000000
normal 0.000000 0.000000 0.000000 0.000000
gl_Position 0.224503 -0.084518 1.271637 1.470261
---------------------------------------------------
texcoord0 0.000000 1.000000 0.000000 1.000000
normal 0.000000 0.000000 0.000000 0.000000
gl_Position 0.152084 -0.084518 1.271637 1.470261
---------------------------------------------------
texcoord0 1.000000 0.000000 0.000000 1.000000
normal 0.000000 0.000000 0.000000 0.000000
gl_Position 0.220383 -0.005051 1.282471 1.481079
---------------------------------------------------
texcoord0 0.000000 1.000000 0.000000 1.000000
normal 0.000000 0.000000 0.000000 0.000000
gl_Position 0.147949 -0.077484 1.282471 1.481079
---------------------------------------------------
texcoord0 0.000000 0.000000 0.000000 1.000000
normal 0.000000 0.000000 0.000000 0.000000
gl_Position 0.147949 -0.005051 1.282471 1.481079
---------------------------------------------------
texcoord0 1.000000 0.000000 0.000000 1.000000
normal 0.000000 0.000000 0.000000 0.000000
gl_Position 0.220383 -0.005051 1.282471 1.481079
---------------------------------------------------
texcoord0 1.000000 1.000000 0.000000 1.000000
normal 0.000000 0.000000 0.000000 0.000000
gl_Position 0.220383 -0.077484 1.282471 1.481079
---------------------------------------------------
texcoord0 0.000000 1.000000 0.000000 1.000000
normal 0.000000 0.000000 0.000000 0.000000
gl_Position 0.147949 -0.077484 1.282471 1.481079
---------------------------------------------------
texcoord0 1.000000 0.000000 0.000000 1.000000
normal 0.000000 0.000000 0.000000 0.000000
gl_Position 0.224503 -0.012085 1.316071 1.514648
---------------------------------------------------
texcoord0 0.000000 1.000000 0.000000 1.000000
normal 0.000000 0.000000 0.000000 0.000000
gl_Position 0.152084 -0.084518 1.316071 1.514648
---------------------------------------------------
texcoord0 0.000000 0.000000 0.000000 1.000000
normal 0.000000 0.000000 0.000000 0.000000
gl_Position 0.152084 -0.012085 1.316071 1.514648
---------------------------------------------------
texcoord0 1.000000 0.000000 0.000000 1.000000
normal 0.000000 0.000000 0.000000 0.000000
gl_Position 0.224503 -0.012085 1.316071 1.514648
---------------------------------------------------
texcoord0 1.000000 1.000000 0.000000 1.000000
normal 0.000000 0.000000 0.000000 0.000000
gl_Position 0.224503 -0.084518 1.316071 1.514648
---------------------------------------------------
texcoord0 0.000000 1.000000 0.000000 1.000000
normal 0.000000 0.000000 0.000000 0.000000
gl_Position 0.152084 -0.084518 1.316071 1.514648
---------------------------------------------------
texcoord0 1.000000 0.000000 0.000000 1.000000
normal 0.000000 0.000000 0.000000 0.000000
gl_Position 0.224503 -0.012085 1.316071 1.514648
---------------------------------------------------
texcoord0 0.000000 1.000000 0.000000 1.000000
normal 0.000000 0.000000 0.000000 0.000000
gl_Position 0.152084 -0.084518 1.316071 1.514648
---------------------------------------------------
texcoord0 0.000000 0.000000 0.000000 1.000000
normal 0.000000 0.000000 0.000000 0.000000
gl_Position 0.152084 -0.012085 1.316071 1.514648
---------------------------------------------------
texcoord0 1.000000 0.000000 0.000000 1.000000
normal 0.000000 0.000000 0.000000 0.000000
gl_Position 0.224503 -0.012085 1.316071 1.514648
---------------------------------------------------
texcoord0 1.000000 1.000000 0.000000 1.000000
normal 0.000000 0.000000 0.000000 0.000000
gl_Position 0.224503 -0.084518 1.316071 1.514648
---------------------------------------------------
texcoord0 0.000000 1.000000 0.000000 1.000000
normal 0.000000 0.000000 0.000000 0.000000
gl_Position 0.152084 -0.084518 1.316071 1.514648
---------------------------------------------------
texcoord0 1.000000 0.000000 0.000000 1.000000
normal 0.000000 0.000000 0.000000 0.000000
gl_Position 0.224503 -0.012085 1.200653 1.399353
---------------------------------------------------
texcoord0 0.000000 1.000000 0.000000 1.000000
normal 0.000000 0.000000 0.000000 0.000000
gl_Position 0.152084 -0.084518 1.200653 1.399353
---------------------------------------------------
texcoord0 0.000000 0.000000 0.000000 1.000000
normal 0.000000 0.000000 0.000000 0.000000
gl_Position 0.152084 -0.012085 1.200653 1.399353
---------------------------------------------------
texcoord0 1.000000 0.000000 0.000000 1.000000
normal 0.000000 0.000000 0.000000 0.000000
gl_Position 0.224503 -0.012085 1.200653 1.399353
---------------------------------------------------
texcoord0 1.000000 1.000000 0.000000 1.000000
normal 0.000000 0.000000 0.000000 0.000000
gl_Position 0.224503 -0.084518 1.200653 1.399353
---------------------------------------------------
texcoord0 0.000000 1.000000 0.000000 1.000000
normal 0.000000 0.000000 0.000000 0.000000
gl_Position 0.152084 -0.084518 1.200653 1.399353
---------------------------------------------------
texcoord0 1.000000 0.000000 0.000000 1.000000
normal 0.000000 0.000000 0.000000 0.000000
gl_Position 0.225250 -0.020233 1.282471 1.481079
---------------------------------------------------
texcoord0 0.000000 1.000000 0.000000 1.000000
normal 0.000000 0.000000 0.000000 0.000000
gl_Position 0.152817 -0.092667 1.282471 1.481079
---------------------------------------------------
texcoord0 0.000000 0.000000 0.000000 1.000000
normal 0.000000 0.000000 0.000000 0.000000
gl_Position 0.152817 -0.020233 1.282471 1.481079
---------------------------------------------------
texcoord0 1.000000 0.000000 0.000000 1.000000
normal 0.000000 0.000000 0.000000 0.000000
gl_Position 0.225250 -0.020233 1.282471 1.481079
---------------------------------------------------
texcoord0 1.000000 1.000000 0.000000 1.000000
normal 0.000000 0.000000 0.000000 0.000000
gl_Position 0.225250 -0.092667 1.282471 1.481079
---------------------------------------------------
texcoord0 0.000000 1.000000 0.000000 1.000000
normal 0.000000 0.000000 0.000000 0.000000
gl_Position 0.152817 -0.092667 1.282471 1.481079
---------------------------------------------------
texcoord0 1.000000 0.000000 0.000000 1.000000
normal 0.000000 0.000000 0.000000 0.000000
gl_Position 0.224503 -0.012085 1.293472 1.492081
---------------------------------------------------
texcoord0 0.000000 1.000000 0.000000 1.000000
normal 0.000000 0.000000 0.000000 0.000000
gl_Position 0.152084 -0.084518 1.293472 1.492081
---------------------------------------------------
texcoord0 0.000000 0.000000 0.000000 1.000000
normal 0.000000 0.000000 0.000000 0.000000
gl_Position 0.152084 -0.012085 1.293472 1.492081
---------------------------------------------------
texcoord0 1.000000 0.000000 0.000000 1.000000
normal 0.000000 0.000000 0.000000 0.000000
gl_Position 0.224503 -0.012085 1.293472 1.492081
---------------------------------------------------
texcoord0 1.000000 1.000000 0.000000 1.000000
normal 0.000000 0.000000 0.000000 0.000000
gl_Position 0.224503 -0.084518 1.293472 1.492081
---------------------------------------------------
texcoord0 0.000000 1.000000 0.000000 1.000000
normal 0.000000 0.000000 0.000000 0.000000
gl_Position 0.152084 -0.084518 1.293472 1.492081
---------------------------------------------------
texcoord0 1.000000 0.000000 0.000000 1.000000
normal 0.000000 0.000000 0.000000 0.000000
gl_Position 0.224503 -0.012085 1.210312 1.408997
---------------------------------------------------
texcoord0 0.000000 1.000000 0.000000 1.000000
normal 0.000000 0.000000 0.000000 0.000000
gl_Position 0.152084 -0.084518 1.210312 1.408997
---------------------------------------------------
texcoord0 0.000000 0.000000 0.000000 1.000000
normal 0.000000 0.000000 0.000000 0.000000
gl_Position 0.152084 -0.012085 1.210312 1.408997
---------------------------------------------------
texcoord0 1.000000 0.000000 0.000000 1.000000
normal 0.000000 0.000000 0.000000 0.000000
gl_Position 0.224503 -0.012085 1.210312 1.408997
---------------------------------------------------
texcoord0 1.000000 1.000000 0.000000 1.000000
normal 0.000000 0.000000 0.000000 0.000000
gl_Position 0.224503 -0.084518 1.210312 1.408997
---------------------------------------------------
texcoord0 0.000000 1.000000 0.000000 1.000000
normal 0.000000 0.000000 0.000000 0.000000
gl_Position 0.152084 -0.084518 1.210312 1.408997
---------------------------------------------------
texcoord0 1.000000 0.000000 0.000000 1.000000
normal 0.000000 0.000000 0.000000 0.000000
gl_Position 0.231812 -0.015778 1.282471 1.481079
---------------------------------------------------
texcoord0 0.000000 1.000000 0.000000 1.000000
normal 0.000000 0.000000 0.000000 0.000000
gl_Position 0.159378 -0.088211 1.282471 1.481079
---------------------------------------------------
texcoord0 0.000000 0.000000 0.000000 1.000000
normal 0.000000 0.000000 0.000000 0.000000
gl_Position 0.159378 -0.015778 1.282471 1.481079
---------------------------------------------------
texcoord0 1.000000 0.000000 0.000000 1.000000
normal 0.000000 0.000000 0.000000 0.000000
gl_Position 0.231812 -0.015778 1.282471 1.481079
---------------------------------------------------
texcoord0 1.000000 1.000000 0.000000 1.000000
normal 0.000000 0.000000 0.000000 0.000000
gl_Position 0.231812 -0.088211 1.282471 1.481079
---------------------------------------------------
texcoord0 0.000000 1.000000 0.000000 1.000000
normal 0.000000 0.000000 0.000000 0.000000
gl_Position 0.159378 -0.088211 1.282471 1.481079
---------------------------------------------------
texcoord0 1.000000 0.000000 0.000000 1.000000
normal 0.000000 0.000000 0.000000 0.000000
gl_Position 0.224503 -0.012085 1.282471 1.481079
---------------------------------------------------
texcoord0 0.000000 1.000000 0.000000 1.000000
normal 0.000000 0.000000 0.000000 0.000000
gl_Position 0.152084 -0.084518 1.282471 1.481079
---------------------------------------------------
texcoord0 0.000000 0.000000 0.000000 1.000000
normal 0.000000 0.000000 0.000000 0.000000
gl_Position 0.152084 -0.012085 1.282471 1.481079
---------------------------------------------------
texcoord0 1.000000 0.000000 0.000000 1.000000
normal 0.000000 0.000000 0.000000 0.000000
gl_Position 0.224503 -0.012085 1.282471 1.481079
---------------------------------------------------
texcoord0 1.000000 1.000000 0.000000 1.000000
normal 0.000000 0.000000 0.000000 0.000000
gl_Position 0.224503 -0.084518 1.282471 1.481079
---------------------------------------------------
texcoord0 0.000000 1.000000 0.000000 1.000000
normal 0.000000 0.000000 0.000000 0.000000
gl_Position 0.152084 -0.084518 1.282471 1.481079
---------------------------------------------------
texcoord0 1.000000 0.000000 0.000000 1.000000
normal 0.000000 0.000000 0.000000 0.000000
gl_Position 0.224503 -0.012085 1.339462 1.538025
---------------------------------------------------
texcoord0 0.000000 1.000000 0.000000 1.000000
normal 0.000000 0.000000 0.000000 0.000000
gl_Position 0.152084 -0.084518 1.339462 1.538025
---------------------------------------------------
texcoord0 0.000000 0.000000 0.000000 1.000000
normal 0.000000 0.000000 0.000000 0.000000
gl_Position 0.152084 -0.012085 1.339462 1.538025
---------------------------------------------------
texcoord0 1.000000 0.000000 0.000000 1.000000
normal 0.000000 0.000000 0.000000 0.000000
gl_Position 0.224503 -0.012085 1.339462 1.538025
---------------------------------------------------
texcoord0 1.000000 1.000000 0.000000 1.000000
normal 0.000000 0.000000 0.000000 0.000000
gl_Position 0.224503 -0.084518 1.339462 1.538025
---------------------------------------------------
texcoord0 0.000000 1.000000 0.000000 1.000000
normal 0.000000 0.000000 0.000000 0.000000
gl_Position 0.152084 -0.084518 1.339462 1.538025
---------------------------------------------------
texcoord0 1.000000 0.000000 0.000000 1.000000
normal 0.000000 0.000000 0.000000 0.000000
gl_Position 0.230484 -0.008698 1.293472 1.492081
---------------------------------------------------
texcoord0 0.000000 1.000000 0.000000 1.000000
normal 0.000000 0.000000 0.000000 0.000000
gl_Position 0.158081 -0.081131 1.293472 1.492081
---------------------------------------------------
texcoord0 0.000000 0.000000 0.000000 1.000000
normal 0.000000 0.000000 0.000000 0.000000
gl_Position 0.158081 -0.008698 1.293472 1.492081
---------------------------------------------------
texcoord0 1.000000 0.000000 0.000000 1.000000
normal 0.000000 0.000000 0.000000 0.000000
gl_Position 0.230484 -0.008698 1.293472 1.492081
---------------------------------------------------
texcoord0 1.000000 1.000000 0.000000 1.000000
normal 0.000000 0.000000 0.000000 0.000000
gl_Position 0.230484 -0.081131 1.293472 1.492081
---------------------------------------------------
texcoord0 0.000000 1.000000 0.000000 1.000000
normal 0.000000 0.000000 0.000000 0.000000
gl_Position 0.158081 -0.081131 1.293472 1.492081
---------------------------------------------------
texcoord0 1.000000 0.000000 0.000000 1.000000
normal 0.000000 0.000000 0.000000 0.000000
gl_Position 0.224503 -0.012085 1.235931 1.434586
---------------------------------------------------
texcoord0 0.000000 1.000000 0.000000 1.000000
normal 0.000000 0.000000 0.000000 0.000000
gl_Position 0.152084 -0.084518 1.235931 1.434586
---------------------------------------------------
texcoord0 0.000000 0.000000 0.000000 1.000000
normal 0.000000 0.000000 0.000000 0.000000
gl_Position 0.152084 -0.012085 1.235931 1.434586
---------------------------------------------------
texcoord0 1.000000 0.000000 0.000000 1.000000
normal 0.000000 0.000000 0.000000 0.000000
gl_Position 0.224503 -0.012085 1.235931 1.434586
---------------------------------------------------
texcoord0 1.000000 1.000000 0.000000 1.000000
normal 0.000000 0.000000 0.000000 0.000000
gl_Position 0.224503 -0.084518 1.235931 1.434586
---------------------------------------------------
texcoord0 0.000000 1.000000 0.000000 1.000000
normal 0.000000 0.000000 0.000000 0.000000
gl_Position 0.152084 -0.084518 1.235931 1.434586
---------------------------------------------------
texcoord0 1.000000 0.000000 0.000000 1.000000
normal 0.000000 0.000000 0.000000 0.000000
gl_Position -0.152130 -0.012085 1.271637 1.470261
---------------------------------------------------
texcoord0 0.000000 1.000000 0.000000 1.000000
normal 0.000000 0.000000 0.000000 0.000000
gl_Position -0.224564 -0.084518 1.271637 1.470261
---------------------------------------------------
texcoord0 0.000000 0.000000 0.000000 1.000000
normal 0.000000 0.000000 0.000000 0.000000
gl_Position -0.224564 -0.012085 1.271637 1.470261
---------------------------------------------------
texcoord0 1.000000 0.000000 0.000000 1.000000
normal 0.000000 0.000000 0.000000 0.000000
gl_Position -0.152130 -0.012085 1.271637 1.470261
---------------------------------------------------
texcoord0 1.000000 1.000000 0.000000 1.000000
normal 0.000000 0.000000 0.000000 0.000000
gl_Position -0.152130 -0.084518 1.271637 1.470261
---------------------------------------------------
texcoord0 0.000000 1.000000 0.000000 1.000000
normal 0.000000 0.000000 0.000000 0.000000
gl_Position -0.224564 -0.084518 1.271637 1.470261
---------------------------------------------------
texcoord0 1.000000 0.000000 0.000000 1.000000
normal 0.000000 0.000000 0.000000 0.000000
gl_Position -0.152130 -0.012085 1.316071 1.514648
---------------------------------------------------
texcoord0 0.000000 1.000000 0.000000 1.000000
normal 0.000000 0.000000 0.000000 0.000000
gl_Position -0.224564 -0.084518 1.316071 1.514648
---------------------------------------------------
texcoord0 0.000000 0.000000 0.000000 1.000000
normal 0.000000 0.000000 0.000000 0.000000
gl_Position -0.224564 -0.012085 1.316071 1.514648
---------------------------------------------------
texcoord0 1.000000 0.000000 0.000000 1.000000
normal 0.000000 0.000000 0.000000 0.000000
gl_Position -0.152130 -0.012085 1.316071 1.514648
---------------------------------------------------
texcoord0 1.000000 1.000000 0.000000 1.000000
normal 0.000000 0.000000 0.000000 0.000000
gl_Position -0.152130 -0.084518 1.316071 1.514648
---------------------------------------------------
texcoord0 0.000000 1.000000 0.000000 1.000000
normal 0.000000 0.000000 0.000000 0.000000
gl_Position -0.224564 -0.084518 1.316071 1.514648
---------------------------------------------------
texcoord0 1.000000 0.000000 0.000000 1.000000
normal 0.000000 0.000000 0.000000 0.000000
gl_Position -0.152130 -0.012085 1.265396 1.464020
---------------------------------------------------
texcoord0 0.000000 1.000000 0.000000 1.000000
normal 0.000000 0.000000 0.000000 0.000000
gl_Position -0.224564 -0.084518 1.265396 1.464020
---------------------------------------------------
texcoord0 0.000000 0.000000 0.000000 1.000000
normal 0.000000 0.000000 0.000000 0.000000
gl_Position -0.224564 -0.012085 1.265396 1.464020
---------------------------------------------------
texcoord0 1.000000 0.000000 0.000000 1.000000
normal 0.000000 0.000000 0.000000 0.000000
gl_Position -0.152130 -0.012085 1.265396 1.464020
---------------------------------------------------
texcoord0 1.000000 1.000000 0.000000 1.000000
normal 0.000000 0.000000 0.000000 0.000000
gl_Position -0.152130 -0.084518 1.265396 1.464020
---------------------------------------------------
texcoord0 0.000000 1.000000 0.000000 1.000000
normal 0.000000 0.000000 0.000000 0.000000
gl_Position -0.224564 -0.084518 1.265396 1.464020
---------------------------------------------------
texcoord0 1.000000 0.000000 0.000000 1.000000
normal 0.000000 0.000000 0.000000 0.000000
gl_Position -0.152130 -0.012085 1.340088 1.538635
---------------------------------------------------
texcoord0 0.000000 1.000000 0.000000 1.000000
normal 0.000000 0.000000 0.000000 0.000000
gl_Position -0.224564 -0.084518 1.340088 1.538635
---------------------------------------------------
texcoord0 0.000000 0.000000 0.000000 1.000000
normal 0.000000 0.000000 0.000000 0.000000
gl_Position -0.224564 -0.012085 1.340088 1.538635
---------------------------------------------------
texcoord0 1.000000 0.000000 0.000000 1.000000
normal 0.000000 0.000000 0.000000 0.000000
gl_Position -0.152130 -0.012085 1.340088 1.538635
---------------------------------------------------
texcoord0 1.000000 1.000000 0.000000 1.000000
normal 0.000000 0.000000 0.000000 0.000000
gl_Position -0.152130 -0.084518 1.340088 1.538635
---------------------------------------------------
texcoord0 0.000000 1.000000 0.000000 1.000000
normal 0.000000 0.000000 0.000000 0.000000
gl_Position -0.224564 -0.084518 1.340088 1.538635
---------------------------------------------------
texcoord0 1.000000 0.000000 0.000000 1.000000
normal 0.000000 0.000000 0.000000 0.000000
gl_Position -0.156219 -0.013275 1.316071 1.514648
---------------------------------------------------
texcoord0 0.000000 1.000000 0.000000 1.000000
normal 0.000000 0.000000 0.000000 0.000000
gl_Position -0.228653 -0.085709 1.316071 1.514648
---------------------------------------------------
texcoord0 0.000000 0.000000 0.000000 1.000000
normal 0.000000 0.000000 0.000000 0.000000
gl_Position -0.228653 -0.013275 1.316071 1.514648
---------------------------------------------------
texcoord0 1.000000 0.000000 0.000000 1.000000
normal 0.000000 0.000000 0.000000 0.000000
gl_Position -0.156219 -0.013275 1.316071 1.514648
---------------------------------------------------
texcoord0 1.000000 1.000000 0.000000 1.000000
normal 0.000000 0.000000 0.000000 0.000000
gl_Position -0.156219 -0.085709 1.316071 1.514648
---------------------------------------------------
texcoord0 0.000000 1.000000 0.000000 1.000000
normal 0.000000 0.000000 0.000000 0.000000
gl_Position -0.228653 -0.085709 1.316071 1.514648
---------------------------------------------------
texcoord0 1.000000 0.000000 0.000000 1.000000
normal 0.000000 0.000000 0.000000 0.000000
gl_Position -0.140121 0.001694 1.191162 1.389862
---------------------------------------------------
texcoord0 0.000000 1.000000 0.000000 1.000000
normal 0.000000 0.000000 0.000000 0.000000
gl_Position -0.212555 -0.070740 1.191162 1.389862
---------------------------------------------------
texcoord0 0.000000 0.000000 0.000000 1.000000
normal 0.000000 0.000000 0.000000 0.000000
gl_Position -0.212555 0.001694 1.191162 1.389862
---------------------------------------------------
texcoord0 1.000000 0.000000 0.000000 1.000000
normal 0.000000 0.000000 0.000000 0.000000
gl_Position -0.140121 0.001694 1.191162 1.389862
---------------------------------------------------
texcoord0 1.000000 1.000000 0.000000 1.000000
normal 0.000000 0.000000 0.000000 0.000000
gl_Position -0.140121 -0.070740 1.191162 1.389862
---------------------------------------------------
texcoord0 0.000000 1.000000 0.000000 1.000000
normal 0.000000 0.000000 0.000000 0.000000
gl_Position -0.212555 -0.070740 1.191162 1.389862
---------------------------------------------------
texcoord0 1.000000 0.000000 0.000000 1.000000
normal 0.000000 0.000000 0.000000 0.000000
gl_Position -0.144547 -0.017685 1.271637 1.470261
---------------------------------------------------
texcoord0 0.000000 1.000000 0.000000 1.000000
normal 0.000000 0.000000 0.000000 0.000000
gl_Position -0.216980 -0.090088 1.271637 1.470261
---------------------------------------------------
texcoord0 0.000000 0.000000 0.000000 1.000000
normal 0.000000 0.000000 0.000000 0.000000
gl_Position -0.216980 -0.017685 1.271637 1.470261
---------------------------------------------------
texcoord0 1.000000 0.000000 0.000000 1.000000
normal 0.000000 0.000000 0.000000 0.000000
gl_Position -0.144547 -0.017685 1.271637 1.470261
---------------------------------------------------
texcoord0 1.000000 1.000000 0.000000 1.000000
normal 0.000000 0.000000 0.000000 0.000000
gl_Position -0.144547 -0.090088 1.271637 1.470261
---------------------------------------------------
texcoord0 0.000000 1.000000 0.000000 1.000000
normal 0.000000 0.000000 0.000000 0.000000
gl_Position -0.216980 -0.090088 1.271637 1.470261
---------------------------------------------------
texcoord0 1.000000 0.000000 0.000000 1.000000
normal 0.000000 0.000000 0.000000 0.000000
gl_Position -0.152130 -0.012085 1.293472 1.492081
---------------------------------------------------
texcoord0 0.000000 1.000000 0.000000 1.000000
normal 0.000000 0.000000 0.000000 0.000000
gl_Position -0.224564 -0.084518 1.293472 1.492081
---------------------------------------------------
texcoord0 0.000000 0.000000 0.000000 1.000000
normal 0.000000 0.000000 0.000000 0.000000
gl_Position -0.224564 -0.012085 1.293472 1.492081
---------------------------------------------------
texcoord0 1.000000 0.000000 0.000000 1.000000
normal 0.000000 0.000000 0.000000 0.000000
gl_Position -0.152130 -0.012085 1.293472 1.492081
---------------------------------------------------
texcoord0 1.000000 1.000000 0.000000 1.000000
normal 0.000000 0.000000 0.000000 0.000000
gl_Position -0.152130 -0.084518 1.293472 1.492081
---------------------------------------------------
texcoord0 0.000000 1.000000 0.000000 1.000000
normal 0.000000 0.000000 0.000000 0.000000
gl_Position -0.224564 -0.084518 1.293472 1.492081
---------------------------------------------------
texcoord0 1.000000 0.000000 0.000000 1.000000
normal 0.000000 0.000000 0.000000 0.000000
gl_Position -0.152130 -0.012085 1.271637 1.470261
---------------------------------------------------
texcoord0 0.000000 1.000000 0.000000 1.000000
normal 0.000000 0.000000 0.000000 0.000000
gl_Position -0.224564 -0.084518 1.271637 1.470261
---------------------------------------------------
texcoord0 0.000000 0.000000 0.000000 1.000000
normal 0.000000 0.000000 0.000000 0.000000
gl_Position -0.224564 -0.012085 1.271637 1.470261
---------------------------------------------------
texcoord0 1.000000 0.000000 0.000000 1.000000
normal 0.000000 0.000000 0.000000 0.000000
gl_Position -0.152130 -0.012085 1.271637 1.470261
---------------------------------------------------
texcoord0 1.000000 1.000000 0.000000 1.000000
normal 0.000000 0.000000 0.000000 0.000000
gl_Position -0.152130 -0.084518 1.271637 1.470261
---------------------------------------------------
texcoord0 0.000000 1.000000 0.000000 1.000000
normal 0.000000 0.000000 0.000000 0.000000
gl_Position -0.224564 -0.084518 1.271637 1.470261
---------------------------------------------------
texcoord0 1.000000 0.000000 0.000000 1.000000
normal 0.000000 0.000000 0.000000 0.000000
gl_Position -0.151138 -0.007996 1.316071 1.514648
---------------------------------------------------
texcoord0 0.000000 1.000000 0.000000 1.000000
normal 0.000000 0.000000 0.000000 0.000000
gl_Position -0.223572 -0.080429 1.316071 1.514648
---------------------------------------------------
texcoord0 0.000000 0.000000 0.000000 1.000000
normal 0.000000 0.000000 0.000000 0.000000
gl_Position -0.223572 -0.007996 1.316071 1.514648
---------------------------------------------------
texcoord0 1.000000 0.000000 0.000000 1.000000
normal 0.000000 0.000000 0.000000 0.000000
gl_Position -0.151138 -0.007996 1.316071 1.514648
---------------------------------------------------
texcoord0 1.000000 1.000000 0.000000 1.000000
normal 0.000000 0.000000 0.000000 0.000000
gl_Position -0.151138 -0.080429 1.316071 1.514648
---------------------------------------------------
texcoord0 0.000000 1.000000 0.000000 1.000000
normal 0.000000 0.000000 0.000000 0.000000
gl_Position -0.223572 -0.080429 1.316071 1.514648
---------------------------------------------------
texcoord0 1.000000 0.000000 0.000000 1.000000
normal 0.000000 0.000000 0.000000 0.000000
gl_Position -0.152130 -0.012085 1.220123 1.418793
---------------------------------------------------
texcoord0 0.000000 1.000000 0.000000 1.000000
normal 0.000000 0.000000 0.000000 0.000000
gl_Position -0.224564 -0.084518 1.220123 1.418793
---------------------------------------------------
texcoord0 0.000000 0.000000 0.000000 1.000000
normal 0.000000 0.000000 0.000000 0.000000
gl_Position -0.224564 -0.012085 1.220123 1.418793
---------------------------------------------------
texcoord0 1.000000 0.000000 0.000000 1.000000
normal 0.000000 0.000000 0.000000 0.000000
gl_Position -0.152130 -0.012085 1.220123 1.418793
---------------------------------------------------
texcoord0 1.000000 1.000000 0.000000 1.000000
normal 0.000000 0.000000 0.000000 0.000000
gl_Position -0.152130 -0.084518 1.220123 1.418793
---------------------------------------------------
texcoord0 0.000000 1.000000 0.000000 1.000000
normal 0.000000 0.000000 0.000000 0.000000
gl_Position -0.224564 -0.084518 1.220123 1.418793
---------------------------------------------------
texcoord0 1.000000 0.000000 0.000000 1.000000
normal 0.000000 0.000000 0.000000 0.000000
gl_Position -0.150803 -0.012726 1.339462 1.538025
---------------------------------------------------
texcoord0 0.000000 1.000000 0.000000 1.000000
normal 0.000000 0.000000 0.000000 0.000000
gl_Position -0.223236 -0.085144 1.339462 1.538025
---------------------------------------------------
texcoord0 0.000000 0.000000 0.000000 1.000000
normal 0.000000 0.000000 0.000000 0.000000
gl_Position -0.223236 -0.012726 1.339462 1.538025
---------------------------------------------------
texcoord0 1.000000 0.000000 0.000000 1.000000
normal 0.000000 0.000000 0.000000 0.000000
gl_Position -0.150803 -0.012726 1.339462 1.538025
---------------------------------------------------
texcoord0 1.000000 1.000000 0.000000 1.000000
normal 0.000000 0.000000 0.000000 0.000000
gl_Position -0.150803 -0.085144 1.339462 1.538025
---------------------------------------------------
texcoord0 0.000000 1.000000 0.000000 1.000000
normal 0.000000 0.000000 0.000000 0.000000
gl_Position -0.223236 -0.085144 1.339462 1.538025
---------------------------------------------------
texcoord0 1.000000 0.000000 0.000000 1.000000
normal 0.000000 0.000000 0.000000 0.000000
gl_Position -0.146713 -0.013412 1.304672 1.503265
---------------------------------------------------
texcoord0 0.000000 1.000000 0.000000 1.000000
normal 0.000000 0.000000 0.000000 0.000000
gl_Position -0.219147 -0.085846 1.304672 1.503265
---------------------------------------------------
texcoord0 0.000000 0.000000 0.000000 1.000000
normal 0.000000 0.000000 0.000000 0.000000
gl_Position -0.219147 -0.013412 1.304672 1.503265
---------------------------------------------------
texcoord0 1.000000 0.000000 0.000000 1.000000
normal 0.000000 0.000000 0.000000 0.000000
gl_Position -0.146713 -0.013412 1.304672 1.503265
---------------------------------------------------
texcoord0 1.000000 1.000000 0.000000 1.000000
normal 0.000000 0.000000 0.000000 0.000000
gl_Position -0.146713 -0.085846 1.304672 1.503265
---------------------------------------------------
texcoord0 0.000000 1.000000 0.000000 1.000000
normal 0.000000 0.000000 0.000000 0.000000
gl_Position -0.219147 -0.085846 1.304672 1.503265
---------------------------------------------------
texcoord0 1.000000 0.000000 0.000000 1.000000
normal 0.000000 0.000000 0.000000 0.000000
gl_Position -0.147446 -0.003952 1.271637 1.470261
---------------------------------------------------
texcoord0 0.000000 1.000000 0.000000 1.000000
normal 0.000000 0.000000 0.000000 0.000000
gl_Position -0.219879 -0.076385 1.271637 1.470261
---------------------------------------------------
texcoord0 0.000000 0.000000 0.000000 1.000000
normal 0.000000 0.000000 0.000000 0.000000
gl_Position -0.219879 -0.003952 1.271637 1.470261
---------------------------------------------------
texcoord0 1.000000 0.000000 0.000000 1.000000
normal 0.000000 0.000000 0.000000 0.000000
gl_Position -0.147446 -0.003952 1.271637 1.470261
---------------------------------------------------
texcoord0 1.000000 1.000000 0.000000 1.000000
normal 0.000000 0.000000 0.000000 0.000000
gl_Position -0.147446 -0.076385 1.271637 1.470261
---------------------------------------------------
texcoord0 0.000000 1.000000 0.000000 1.000000
normal 0.000000 0.000000 0.000000 0.000000
gl_Position -0.219879 -0.076385 1.271637 1.470261
---------------------------------------------------
texcoord0 1.000000 0.000000 0.000000 1.000000
normal 0.000000 0.000000 0.000000 0.000000
gl_Position -0.152130 -0.012085 1.351471 1.550018
---------------------------------------------------
texcoord0 0.000000 1.000000 0.000000 1.000000
normal 0.000000 0.000000 0.000000 0.000000
gl_Position -0.224564 -0.084518 1.351471 1.550018
---------------------------------------------------
texcoord0 0.000000 0.000000 0.000000 1.000000
normal 0.000000 0.000000 0.000000 0.000000
gl_Position -0.224564 -0.012085 1.351471 1.550018
---------------------------------------------------
texcoord0 1.000000 0.000000 0.000000 1.000000
normal 0.000000 0.000000 0.000000 0.000000
gl_Position -0.152130 -0.012085 1.351471 1.550018
---------------------------------------------------
texcoord0 1.000000 1.000000 0.000000 1.000000
normal 0.000000 0.000000 0.000000 0.000000
gl_Position -0.152130 -0.084518 1.351471 1.550018
---------------------------------------------------
texcoord0 0.000000 1.000000 0.000000 1.000000
normal 0.000000 0.000000 0.000000 0.000000
gl_Position -0.224564 -0.084518 1.351471 1.550018
---------------------------------------------------
texcoord0 1.000000 0.000000 0.000000 1.000000
normal 0.000000 0.000000 0.000000 0.000000
gl_Position -0.158981 -0.012756 1.293472 1.492081
---------------------------------------------------
texcoord0 0.000000 1.000000 0.000000 1.000000
normal 0.000000 0.000000 0.000000 0.000000
gl_Position -0.231415 -0.085190 1.293472 1.492081
---------------------------------------------------
texcoord0 0.000000 0.000000 0.000000 1.000000
normal 0.000000 0.000000 0.000000 0.000000
gl_Position -0.231415 -0.012756 1.293472 1.492081
---------------------------------------------------
texcoord0 1.000000 0.000000 0.000000 1.000000
normal 0.000000 0.000000 0.000000 0.000000
gl_Position -0.158981 -0.012756 1.293472 1.492081
---------------------------------------------------
texcoord0 1.000000 1.000000 0.000000 1.000000
normal 0.000000 0.000000 0.000000 0.000000
gl_Position -0.158981 -0.085190 1.293472 1.492081
---------------------------------------------------
texcoord0 0.000000 1.000000 0.000000 1.000000
normal 0.000000 0.000000 0.000000 0.000000
gl_Position -0.231415 -0.085190 1.293472 1.492081
---------------------------------------------------
texcoord0 1.000000 0.000000 0.000000 1.000000
normal 0.000000 0.000000 0.000000 0.000000
gl_Position -0.152130 -0.012085 1.191162 1.389862
---------------------------------------------------
texcoord0 0.000000 1.000000 0.000000 1.000000
normal 0.000000 0.000000 0.000000 0.000000
gl_Position -0.224564 -0.084518 1.191162 1.389862
---------------------------------------------------
texcoord0 0.000000 0.000000 0.000000 1.000000
normal 0.000000 0.000000 0.000000 0.000000
gl_Position -0.224564 -0.012085 1.191162 1.389862
---------------------------------------------------
texcoord0 1.000000 0.000000 0.000000 1.000000
normal 0.000000 0.000000 0.000000 0.000000
gl_Position -0.152130 -0.012085 1.191162 1.389862
---------------------------------------------------
texcoord0 1.000000 1.000000 0.000000 1.000000
normal 0.000000 0.000000 0.000000 0.000000
gl_Position -0.152130 -0.084518 1.191162 1.389862
---------------------------------------------------
texcoord0 0.000000 1.000000 0.000000 1.000000
normal 0.000000 0.000000 0.000000 0.000000
gl_Position -0.224564 -0.084518 1.191162 1.389862
---------------------------------------------------
texcoord0 1.000000 0.000000 0.000000 1.000000
normal 0.000000 0.000000 0.000000 0.000000
gl_Position -0.157913 0.003082 1.210312 1.408997
---------------------------------------------------
texcoord0 0.000000 1.000000 0.000000 1.000000
normal 0.000000 0.000000 0.000000 0.000000
gl_Position -0.230347 -0.069351 1.210312 1.408997
---------------------------------------------------
texcoord0 0.000000 0.000000 0.000000 1.000000
normal 0.000000 0.000000 0.000000 0.000000
gl_Position -0.230347 0.003082 1.210312 1.408997
---------------------------------------------------
texcoord0 1.000000 0.000000 0.000000 1.000000
normal 0.000000 0.000000 0.000000 0.000000
gl_Position -0.157913 0.003082 1.210312 1.408997
---------------------------------------------------
texcoord0 1.000000 1.000000 0.000000 1.000000
normal 0.000000 0.000000 0.000000 0.000000
gl_Position -0.157913 -0.069351 1.210312 1.408997
---------------------------------------------------
texcoord0 0.000000 1.000000 0.000000 1.000000
normal 0.000000 0.000000 0.000000 0.000000
gl_Position -0.230347 -0.069351 1.210312 1.408997
---------------------------------------------------
texcoord0 1.000000 0.000000 0.000000 1.000000
normal 0.000000 0.000000 0.000000 0.000000
gl_Position -0.152130 -0.012085 1.282471 1.481079
---------------------------------------------------
texcoord0 0.000000 1.000000 0.000000 1.000000
normal 0.000000 0.000000 0.000000 0.000000
gl_Position -0.224564 -0.084518 1.282471 1.481079
---------------------------------------------------
texcoord0 0.000000 0.000000 0.000000 1.000000
normal 0.000000 0.000000 0.000000 0.000000
gl_Position -0.224564 -0.012085 1.282471 1.481079
---------------------------------------------------
texcoord0 1.000000 0.000000 0.000000 1.000000
normal 0.000000 0.000000 0.000000 0.000000
gl_Position -0.152130 -0.012085 1.282471 1.481079
---------------------------------------------------
texcoord0 1.000000 1.000000 0.000000 1.000000
normal 0.000000 0.000000 0.000000 0.000000
gl_Position -0.152130 -0.084518 1.282471 1.481079
---------------------------------------------------
texcoord0 0.000000 1.000000 0.000000 1.000000
normal 0.000000 0.000000 0.000000 0.000000
gl_Position -0.224564 -0.084518 1.282471 1.481079
---------------------------------------------------
texcoord0 1.000000 0.000000 0.000000 1.000000
normal 0.000000 0.000000 0.000000 0.000000
gl_Position -0.152130 -0.012085 1.230087 1.428757
---------------------------------------------------
texcoord0 0.000000 1.000000 0.000000 1.000000
normal 0.000000 0.000000 0.000000 0.000000
gl_Position -0.224564 -0.084518 1.230087 1.428757
---------------------------------------------------
texcoord0 0.000000 0.000000 0.000000 1.000000
normal 0.000000 0.000000 0.000000 0.000000
gl_Position -0.224564 -0.012085 1.230087 1.428757
---------------------------------------------------
texcoord0 1.000000 0.000000 0.000000 1.000000
normal 0.000000 0.000000 0.000000 0.000000
gl_Position -0.152130 -0.012085 1.230087 1.428757
---------------------------------------------------
texcoord0 1.000000 1.000000 0.000000 1.000000
normal 0.000000 0.000000 0.000000 0.000000
gl_Position -0.152130 -0.084518 1.230087 1.428757
---------------------------------------------------
texcoord0 0.000000 1.000000 0.000000 1.000000
normal 0.000000 0.000000 0.000000 0.000000
gl_Position -0.224564 -0.084518 1.230087 1.428757
---------------------------------------------------
texcoord0 1.000000 0.000000 0.000000 1.000000
normal 0.000000 0.000000 0.000000 0.000000
gl_Position -0.152130 -0.012085 1.210312 1.408997
---------------------------------------------------
texcoord0 0.000000 1.000000 0.000000 1.000000
normal 0.000000 0.000000 0.000000 0.000000
gl_Position -0.224564 -0.084518 1.210312 1.408997
---------------------------------------------------
texcoord0 0.000000 0.000000 0.000000 1.000000
normal 0.000000 0.000000 0.000000 0.000000
gl_Position -0.224564 -0.012085 1.210312 1.408997
---------------------------------------------------
texcoord0 1.000000 0.000000 0.000000 1.000000
normal 0.000000 0.000000 0.000000 0.000000
gl_Position -0.152130 -0.012085 1.210312 1.408997
---------------------------------------------------
texcoord0 1.000000 1.000000 0.000000 1.000000
normal 0.000000 0.000000 0.000000 0.000000
gl_Position -0.152130 -0.084518 1.210312 1.408997
---------------------------------------------------
texcoord0 0.000000 1.000000 0.000000 1.000000
normal 0.000000 0.000000 0.000000 0.000000
gl_Position -0.224564 -0.084518 1.210312 1.408997
---------------------------------------------------
texcoord0 1.000000 0.000000 0.000000 1.000000
normal 0.000000 0.000000 0.000000 0.000000
gl_Position -0.152130 -0.012085 1.304672 1.503265
---------------------------------------------------
texcoord0 0.000000 1.000000 0.000000 1.000000
normal 0.000000 0.000000 0.000000 0.000000
gl_Position -0.224564 -0.084518 1.304672 1.503265
---------------------------------------------------
texcoord0 0.000000 0.000000 0.000000 1.000000
normal 0.000000 0.000000 0.000000 0.000000
gl_Position -0.224564 -0.012085 1.304672 1.503265
---------------------------------------------------
texcoord0 1.000000 0.000000 0.000000 1.000000
normal 0.000000 0.000000 0.000000 0.000000
gl_Position -0.152130 -0.012085 1.304672 1.503265
---------------------------------------------------
texcoord0 1.000000 1.000000 0.000000 1.000000
normal 0.000000 0.000000 0.000000 0.000000
gl_Position -0.152130 -0.084518 1.304672 1.503265
---------------------------------------------------
texcoord0 0.000000 1.000000 0.000000 1.000000
normal 0.000000 0.000000 0.000000 0.000000
gl_Position -0.224564 -0.084518 1.304672 1.503265
---------------------------------------------------
texcoord0 1.000000 0.000000 0.000000 1.000000
normal 0.000000 0.000000 0.000000 0.000000
gl_Position -0.152130 -0.012085 1.327667 1.526230
---------------------------------------------------
texcoord0 0.000000 1.000000 0.000000 1.000000
normal 0.000000 0.000000 0.000000 0.000000
gl_Position -0.224564 -0.084518 1.327667 1.526230
---------------------------------------------------
texcoord0 0.000000 0.000000 0.000000 1.000000
normal 0.000000 0.000000 0.000000 0.000000
gl_Position -0.224564 -0.012085 1.327667 1.526230
---------------------------------------------------
texcoord0 1.000000 0.000000 0.000000 1.000000
normal 0.000000 0.000000 0.000000 0.000000
gl_Position -0.152130 -0.012085 1.327667 1.526230
---------------------------------------------------
texcoord0 1.000000 1.000000 0.000000 1.000000
normal 0.000000 0.000000 0.000000 0.000000
gl_Position -0.152130 -0.084518 1.327667 1.526230
---------------------------------------------------
texcoord0 0.000000 1.000000 0.000000 1.000000
normal 0.000000 0.000000 0.000000 0.000000
gl_Position -0.224564 -0.084518 1.327667 1.526230
---------------------------------------------------
texcoord0 1.000000 0.000000 0.000000 1.000000
normal 0.000000 0.000000 0.000000 0.000000
gl_Position -0.152130 -0.012085 1.210312 1.408997
---------------------------------------------------
texcoord0 0.000000 1.000000 0.000000 1.000000
normal 0.000000 0.000000 0.000000 0.000000
gl_Position -0.224564 -0.084518 1.210312 1.408997
---------------------------------------------------
texcoord0 0.000000 0.000000 0.000000 1.000000
normal 0.000000 0.000000 0.000000 0.000000
gl_Position -0.224564 -0.012085 1.210312 1.408997
---------------------------------------------------
texcoord0 1.000000 0.000000 0.000000 1.000000
normal 0.000000 0.000000 0.000000 0.000000
gl_Position -0.152130 -0.012085 1.210312 1.408997
---------------------------------------------------
texcoord0 1.000000 1.000000 0.000000 1.000000
normal 0.000000 0.000000 0.000000 0.000000
gl_Position -0.152130 -0.084518 1.210312 1.408997
---------------------------------------------------
texcoord0 0.000000 1.000000 0.000000 1.000000
normal 0.000000 0.000000 0.000000 0.000000
gl_Position -0.224564 -0.084518 1.210312 1.408997
---------------------------------------------------
texcoord0 1.000000 0.000000 0.000000 1.000000
normal 0.000000 0.000000 0.000000 0.000000
gl_Position -0.152130 -0.012085 1.191162 1.389862
---------------------------------------------------
texcoord0 0.000000 1.000000 0.000000 1.000000
normal 0.000000 0.000000 0.000000 0.000000
gl_Position -0.224564 -0.084518 1.191162 1.389862
---------------------------------------------------
texcoord0 0.000000 0.000000 0.000000 1.000000
normal 0.000000 0.000000 0.000000 0.000000
gl_Position -0.224564 -0.012085 1.191162 1.389862
---------------------------------------------------
texcoord0 1.000000 0.000000 0.000000 1.000000
normal 0.000000 0.000000 0.000000 0.000000
gl_Position -0.152130 -0.012085 1.191162 1.389862
---------------------------------------------------
texcoord0 1.000000 1.000000 0.000000 1.000000
normal 0.000000 0.000000 0.000000 0.000000
gl_Position -0.152130 -0.084518 1.191162 1.389862
---------------------------------------------------
texcoord0 0.000000 1.000000 0.000000 1.000000
normal 0.000000 0.000000 0.000000 0.000000
gl_Position -0.224564 -0.084518 1.191162 1.389862
---------------------------------------------------
