-0.50000000000000000
0.50000000000000000
1.00000000000000000
1.00000000000000000
0.00000000000000000
0.00000000000000000
0.00000000000000000
0.00000000000000000
0.00000000000000000
1.00000000000000000
0.00000000000000000
0.00000000000000000
0.17000000000000000
0.33000000000000000
1.00000000000000000
1.00000000000000000
0.00000000000000000
0.00000000000000000
0.00000000000000000
0.00000000000000000
1.00000000000000000
1.00000000000000000
0.00000000000000000
0.00000000000000000
1.00000000000000000
-0.70000000000000000
1.00000000000000000
1.00000000000000000
0.00000000000000000
0.00000000000000000
0.00000000000000000
0.00000000000000000
1.00000000000000000
0.00000000000000000
0.00000000000000000
0.00000000000000000
-0.50000000000000000
0.50000000000000000
1.00000000000000000
1.00000000000000000
0.00000000000000000
0.00000000000000000
0.00000000000000000
0.00000000000000000
0.00000000000000000
1.00000000000000000
0.00000000000000000
0.00000000000000000
1.00000000000000000
-0.70000000000000000
1.00000000000000000
1.00000000000000000
0.00000000000000000
0.00000000000000000
0.00000000000000000
0.00000000000000000
1.00000000000000000
0.00000000000000000
0.00000000000000000
0.00000000000000000
1.50000000000000000
-1.70000000000000000
1.00000000000000000
1.00000000000000000
0.00000000000000000
0.00000000000000000
0.00000000000000000
0.00000000000000000
0.00000000000000000
0.00000000000000000
0.00000000000000000
0.00000000000000000
-1.00000000000000000
1.00000000000000000
-1.00000000000000000
1.00000000000000000
0.00000000000000000
0.00000000000000000
0.00000000000000000
0.00000000000000000
1.00000000000000000
1.00000000000000000
0.00000000000000000
0.00000000000000000
1.00000000000000000
-1.00000000000000000
-1.00000000000000000
1.00000000000000000
0.00000000000000000
0.00000000000000000
0.00000000000000000
0.00000000000000000
0.00000000000000000
0.00000000000000000
0.00000000000000000
0.00000000000000000
1.00000000000000000
1.00000000000000000
-1.00000000000000000
1.00000000000000000
0.00000000000000000
0.00000000000000000
0.00000000000000000
0.00000000000000000
0.00000000000000000
0.99998500000000000
0.00000000000000000
0.00000000000000000
-1.00000000000000000
1.00000000000000000
-1.00000000000000000
1.00000000000000000
0.00000000000000000
0.00000000000000000
0.00000000000000000
0.00000000000000000
1.00000000000000000
1.00000000000000000
0.00000000000000000
0.00000000000000000
-1.00000000000000000
-1.00000000000000000
-1.00000000000000000
1.00000000000000000
0.00000000000000000
0.00000000000000000
0.00000000000000000
0.00000000000000000
1.00000000000000000
0.00000000000000000
0.00000000000000000
0.00000000000000000
1.00000000000000000
-1.00000000000000000
-1.00000000000000000
1.00000000000000000
0.00000000000000000
0.00000000000000000
0.00000000000000000
0.00000000000000000
0.00000000000000000
0.00000000000000000
0.00000000000000000
0.00000000000000000
1.00000000000000000
-1.00000000000000000
-1.00000000000000000
1.00000000000000000
0.00000000000000000
0.00000000000000000
0.00000000000000000
0.00000000000000000
1.00000000000000000
0.00000000000000000
0.00000000000000000
0.00000000000000000
-1.00000000000000000
-1.00000000000000000
1.00000000000000000
1.00000000000000000
0.00000000000000000
0.00000000000000000
0.00000000000000000
0.00000000000000000
0.00000000000000000
1.00000000000000000
0.00000000000000000
0.00000000000000000
1.00000000000000000
-1.00000000000000000
1.00000000000000000
1.00000000000000000
0.00000000000000000
0.00000000000000000
0.00000000000000000
0.00000000000000000
1.00000000000000000
1.00000000000000000
0.00000000000000000
0.00000000000000000
-1.00000000000000000
-1.00000000000000000
1.00000000000000000
1.00000000000000000
0.00000000000000000
0.00000000000000000
0.00000000000000000
0.00000000000000000
0.00000000000000000
1.00000000000000000
0.00000000000000000
0.00000000000000000
1.00000000000000000
-1.00000000000000000
-1.00000000000000000
1.00000000000000000
0.00000000000000000
0.00000000000000000
0.00000000000000000
0.00000000000000000
1.00000000000000000
0.00000000000000000
0.00000000000000000
0.00000000000000000
-1.00000000000000000
-1.00000000000000000
-1.00000000000000000
1.00000000000000000
0.00000000000000000
0.00000000000000000
0.00000000000000000
0.00000000000000000
0.00000000000000000
0.00000000000000000
0.00000000000000000
0.00000000000000000
1.00000000000000000
1.00000000000000000
-1.00000000000000000
1.00000000000000000
0.00000000000000000
0.00000000000000000
0.00000000000000000
0.00000000000000000
1.00000000000000000
0.00000000000000000
0.00000000000000000
0.00000000000000000
1.00000000000000000
1.00000000000000000
1.00000000000000000
1.00000000000000000
0.00000000000000000
0.00000000000000000
0.00000000000000000
0.00000000000000000
1.00000000000000000
1.00000000000000000
0.00000000000000000
0.00000000000000000
-1.00000000000000000
1.00000000000000000
1.00000000000000000
1.00000000000000000
0.00000000000000000
0.00000000000000000
0.00000000000000000
0.00000000000000000
0.00000000000000000
1.00000000000000000
0.00000000000000000
0.00000000000000000
-1.00000000000000000
1.00000000000000000
1.00000000000000000
1.00000000000000000
0.00000000000000000
0.00000000000000000
0.00000000000000000
0.00000000000000000
0.00000000000000000
1.00000000000000000
0.00000000000000000
0.00000000000000000
-1.00000000000000000
1.00000000000000000
-1.00000000000000000
1.00000000000000000
0.00000000000000000
0.00000000000000000
0.00000000000000000
0.00000000000000000
0.00000000000000000
0.00000000000000000
0.00000000000000000
0.00000000000000000
1.00000000000000000
1.00000000000000000
-1.00000000000000000
1.00000000000000000
0.00000000000000000
0.00000000000000000
0.00000000000000000
0.00000000000000000
1.00000000000000000
0.00000000000000000
0.00000000000000000
0.00000000000000000
1.00000000000000000
-1.00000000000000000
1.00000000000000000
1.00000000000000000
0.00000000000000000
0.00000000000000000
0.00000000000000000
0.00000000000000000
0.00000000000000000
1.00000000000000000
0.00000000000000000
0.00000000000000000
1.00000000000000000
1.00000000000000000
-1.00000000000000000
1.00000000000000000
0.00000000000000000
0.00000000000000000
0.00000000000000000
0.00000000000000000
1.00000000000000000
0.00000000000000000
0.00000000000000000
0.00000000000000000
1.00000000000000000
-1.00000000000000000
-1.00000000000000000
1.00000000000000000
0.00000000000000000
0.00000000000000000
0.00000000000000000
0.00000000000000000
0.00000000000000000
0.00000000000000000
0.00000000000000000
0.00000000000000000
1.00000000000000000
1.00000000000000000
-1.00000000000000000
1.00000000000000000
0.00000000000000000
0.00000000000000000
0.00000000000000000
0.00000000000000000
1.00000000000000000
0.00000000000000000
0.00000000000000000
0.00000000000000000
1.00000000000000000
-1.00000000000000000
1.00000000000000000
1.00000000000000000
0.00000000000000000
0.00000000000000000
0.00000000000000000
0.00000000000000000
0.00000000000000000
1.00000000000000000
0.00000000000000000
0.00000000000000000
1.00000000000000000
1.00000000000000000
1.00000000000000000
1.00000000000000000
0.00000000000000000
0.00000000000000000
0.00000000000000000
0.00000000000000000
1.00000000000000000
1.00000000000000000
0.00000000000000000
0.00000000000000000
-1.00000000000000000
-1.00000000000000000
1.00000000000000000
1.00000000000000000
0.00000000000000000
0.00000000000000000
0.00000000000000000
0.00000000000000000
0.00000000000000000
1.00000000000000000
0.00000000000000000
0.00000000000000000
-1.00000000000000000
-1.00000000000000000
-1.00000000000000000
1.00000000000000000
0.00000000000000000
0.00000000000000000
0.00000000000000000
0.00000000000000000
0.00000000000000000
0.00000000000000000
0.00000000000000000
0.00000000000000000
-1.00000000000000000
1.00000000000000000
-1.00000000000000000
1.00000000000000000
0.00000000000000000
0.00000000000000000
0.00000000000000000
0.00000000000000000
1.00000000000000000
0.00000000000000000
0.00000000000000000
0.00000000000000000
-1.00000000000000000
1.00000000000000000
1.00000000000000000
1.00000000000000000
0.00000000000000000
0.00000000000000000
0.00000000000000000
0.00000000000000000
1.00000000000000000
1.00000000000000000
0.00000000000000000
0.00000000000000000
-1.00000000000000000
-1.00000000000000000
1.00000000000000000
1.00000000000000000
0.00000000000000000
0.00000000000000000
0.00000000000000000
0.00000000000000000
0.00000000000000000
1.00000000000000000
0.00000000000000000
0.00000000000000000
-1.00000000000000000
1.00000000000000000
-1.00000000000000000
1.00000000000000000
0.00000000000000000
0.00000000000000000
0.00000000000000000
0.00000000000000000
1.00000000000000000
0.00000000000000000
0.00000000000000000
0.00000000000000000
