0.379990 0.099991 3.250000 1.000000
0.000000 0.000000 0.000000 0.000000 
1.000000 0.000000 0.000000 1.000000
-1.419998 -1.699997 3.250000 1.000000
0.000000 0.000000 0.000000 0.000000 
0.000000 1.000000 0.000000 1.000000
-1.419998 0.099991 3.250000 1.000000
0.000000 0.000000 0.000000 0.000000 
0.000000 0.000000 0.000000 1.000000
0.379990 0.099991 3.250000 1.000000
0.000000 0.000000 0.000000 0.000000 
1.000000 0.000000 0.000000 1.000000
0.379990 -1.699997 3.250000 1.000000
0.000000 0.000000 0.000000 0.000000 
1.000000 1.000000 0.000000 1.000000
-1.419998 -1.699997 3.250000 1.000000
0.000000 0.000000 0.000000 0.000000 
0.000000 1.000000 0.000000 1.000000






