-0.006683 -0.792297 -3.558136 1.000000
0.037048 -0.792313 -3.558136 1.000000
-0.006790 -0.967285 -3.995636 1.000000
0.037048 -0.792313 -3.558136 1.000000
0.124527 -0.836121 -3.558136 1.000000
-0.006790 -0.967285 -3.995636 1.000000
0.124527 -0.836121 -3.558136 1.000000
0.124451 -0.967377 -3.558136 1.000000
-0.006790 -0.967285 -3.995636 1.000000
0.124451 -0.967377 -3.558136 1.000000
0.036896 -1.054825 -3.558136 1.000000
-0.006790 -0.967285 -3.995636 1.000000
0.036896 -1.054825 -3.558136 1.000000
-0.006836 -1.054794 -3.558136 1.000000
-0.006790 -0.967285 -3.995636 1.000000
-0.006577 -0.617294 -3.033142 1.000000
0.080902 -0.617340 -3.033142 1.000000
0.037048 -0.792313 -3.558136 1.000000
0.037048 -0.792313 -3.558136 1.000000
-0.006683 -0.792297 -3.558136 1.000000
-0.006577 -0.617294 -3.033142 1.000000
0.080902 -0.617340 -3.033142 1.000000
0.212097 -0.704926 -3.033142 1.000000
0.124527 -0.836121 -3.558136 1.000000
0.124527 -0.836121 -3.558136 1.000000
0.037048 -0.792313 -3.558136 1.000000
0.080902 -0.617340 -3.033142 1.000000
0.212097 -0.704926 -3.033142 1.000000
0.211945 -0.967422 -3.033142 1.000000
0.124451 -0.967377 -3.558136 1.000000
0.124451 -0.967377 -3.558136 1.000000
0.124527 -0.836121 -3.558136 1.000000
0.212097 -0.704926 -3.033142 1.000000
0.211945 -0.967422 -3.033142 1.000000
0.080612 -1.098587 -3.033142 1.000000
0.036896 -1.054825 -3.558136 1.000000
0.036896 -1.054825 -3.558136 1.000000
0.124451 -0.967377 -3.558136 1.000000
0.211945 -0.967422 -3.033142 1.000000
0.036896 -1.054825 -3.558136 1.000000
0.080612 -1.098587 -3.033142 1.000000
-0.006866 -1.098541 -3.033142 1.000000
-0.006866 -1.098541 -3.033142 1.000000
-0.006836 -1.054794 -3.558136 1.000000
0.036896 -1.054825 -3.558136 1.000000
-0.006531 -0.529785 -2.683136 1.000000
0.080948 -0.529846 -2.683136 1.000000
0.080902 -0.617340 -3.033142 1.000000
0.080902 -0.617340 -3.033142 1.000000
-0.006577 -0.617294 -3.033142 1.000000
-0.006531 -0.529785 -2.683136 1.000000
0.080948 -0.529846 -2.683136 1.000000
0.168457 -0.529892 -2.333145 1.000000
0.080902 -0.617340 -3.033142 1.000000
0.168457 -0.529892 -2.333145 1.000000
0.255905 -0.617447 -2.333145 1.000000
0.212097 -0.704926 -3.033142 1.000000
0.212097 -0.704926 -3.033142 1.000000
0.080902 -0.617340 -3.033142 1.000000
0.168457 -0.529892 -2.333145 1.000000
0.255905 -0.617447 -2.333145 1.000000
0.255692 -0.967453 -2.333145 1.000000
0.211945 -0.967422 -3.033142 1.000000
0.211945 -0.967422 -3.033142 1.000000
0.212097 -0.704926 -3.033142 1.000000
0.255905 -0.617447 -2.333145 1.000000
0.255692 -0.967453 -2.333145 1.000000
0.080597 -1.142349 -2.333145 1.000000
0.080612 -1.098587 -3.033142 1.000000
0.080612 -1.098587 -3.033142 1.000000
0.211945 -0.967422 -3.033142 1.000000
0.255692 -0.967453 -2.333145 1.000000
0.080612 -1.098587 -3.033142 1.000000
0.080597 -1.142349 -2.333145 1.000000
-0.006897 -1.142288 -2.333145 1.000000
-0.006897 -1.142288 -2.333145 1.000000
-0.006866 -1.098541 -3.033142 1.000000
0.080612 -1.098587 -3.033142 1.000000
0.168457 -0.529892 -1.808136 1.000000
0.255905 -0.617447 -1.895645 1.000000
0.255905 -0.617447 -2.333145 1.000000
0.255905 -0.617447 -2.333145 1.000000
0.168457 -0.529892 -2.333145 1.000000
0.168457 -0.529892 -1.808136 1.000000
0.255905 -0.617447 -1.895645 1.000000
0.255692 -0.967453 -1.895645 1.000000
0.255692 -0.967453 -2.333145 1.000000
0.255692 -0.967453 -2.333145 1.000000
0.255905 -0.617447 -2.333145 1.000000
0.255905 -0.617447 -1.895645 1.000000
0.255692 -0.967453 -1.370636 1.000000
0.255692 -0.967453 -1.895645 1.000000
0.255905 -0.617447 -1.895645 1.000000
0.080597 -1.142349 -2.333145 1.000000
0.080597 -1.142349 -1.195633 1.000000
-0.006897 -1.142288 -1.195633 1.000000
-0.006897 -1.142288 -1.195633 1.000000
-0.006897 -1.142288 -2.333145 1.000000
0.080597 -1.142349 -2.333145 1.000000
0.037277 -0.398560 -1.195633 1.000000
0.168396 -0.617401 -1.108139 1.000000
0.168457 -0.529892 -1.808136 1.000000
0.168396 -0.617401 -1.108139 1.000000
0.255905 -0.617447 -1.895645 1.000000
0.168457 -0.529892 -1.808136 1.000000
0.168396 -0.617401 -1.108139 1.000000
0.605896 -0.617661 -1.326889 1.000000
0.518402 -0.617599 -1.895645 1.000000
0.518402 -0.617599 -1.895645 1.000000
0.255905 -0.617447 -1.895645 1.000000
0.168396 -0.617401 -1.108139 1.000000
0.605896 -0.617661 -1.108139 1.000000
0.605896 -0.617661 -1.326889 1.000000
0.168396 -0.617401 -1.108139 1.000000
0.080597 -1.142349 -1.195633 1.000000
0.255692 -0.967453 -1.370636 1.000000
0.255585 -1.142441 -1.195633 1.000000
-0.006531 -0.529785 -0.495636 1.000000
0.080902 -0.617340 -0.495636 1.000000
0.168396 -0.617401 -1.108139 1.000000
0.168396 -0.617401 -1.108139 1.000000
0.037277 -0.398560 -1.195633 1.000000
-0.006531 -0.529785 -0.495636 1.000000
0.080902 -0.617340 -0.495636 1.000000
0.605896 -0.617661 -0.495636 1.000000
0.605896 -0.617661 -1.108139 1.000000
0.605896 -0.617661 -1.108139 1.000000
0.168396 -0.617401 -1.108139 1.000000
0.080902 -0.617340 -0.495636 1.000000
0.649597 -0.705185 -1.151886 1.000000
0.605850 -0.705154 -1.326889 1.000000
0.605896 -0.617661 -1.108139 1.000000
0.649597 -0.705185 -1.151886 1.000000
0.605804 -0.792648 -1.195633 1.000000
0.605850 -0.705154 -1.326889 1.000000
0.605896 -0.617661 -0.495636 1.000000
0.940277 -0.705231 -0.204773 1.000000
0.605896 -0.617661 -1.108139 1.000000
0.940277 -0.705231 -0.204773 1.000000
0.649597 -0.705185 -1.151886 1.000000
0.605896 -0.617661 -1.108139 1.000000
0.649597 -0.705185 -1.151886 1.000000
0.940277 -0.705231 -0.204773 1.000000
0.605804 -0.792648 -1.195633 1.000000
0.940277 -0.705231 -0.204773 1.000000
0.605743 -0.880157 -0.408142 1.000000
0.605804 -0.792648 -1.195633 1.000000
0.605743 -0.880157 -0.408142 1.000000
0.605591 -1.142654 -0.408142 1.000000
0.605591 -1.142654 -1.195633 1.000000
0.605591 -1.142654 -1.195633 1.000000
0.605804 -0.792648 -1.195633 1.000000
0.605743 -0.880157 -0.408142 1.000000
0.605896 -0.617661 0.204346 1.000000
0.940277 -0.705231 -0.204773 1.000000
0.605896 -0.617661 -0.495636 1.000000
0.605804 -0.792648 0.379349 1.000000
0.605743 -0.880157 -0.408142 1.000000
0.940277 -0.705231 -0.204773 1.000000
-0.006744 -0.661041 1.140808 1.000000
0.080902 -0.617340 -0.495636 1.000000
-0.006531 -0.529785 -0.495636 1.000000
0.605804 -0.792648 0.379349 1.000000
0.767242 -0.729584 0.957031 1.000000
0.605591 -1.142654 0.816849 1.000000
0.605591 -1.142654 0.816849 1.000000
0.605591 -1.142654 -0.408142 1.000000
0.605804 -0.792648 0.379349 1.000000
0.605804 -0.792648 0.379349 1.000000
0.605591 -1.142654 -0.408142 1.000000
0.605743 -0.880157 -0.408142 1.000000
0.337952 -0.704849 1.972061 1.000000
0.337982 -0.661087 1.097061 1.000000
-0.006744 -0.661041 1.140808 1.000000
-0.006744 -0.661041 1.140808 1.000000
-0.006744 -0.704788 1.972061 1.000000
0.337952 -0.704849 1.972061 1.000000
0.337952 -0.704849 1.972061 1.000000
0.425507 -0.617401 1.972061 1.000000
0.337982 -0.661087 1.097061 1.000000
0.425507 -0.617401 1.972061 1.000000
0.425507 -0.617401 0.922058 1.000000
0.337982 -0.661087 1.097061 1.000000
0.600510 -0.617508 1.972061 1.000000
0.687988 -0.661301 1.419418 1.000000
0.600510 -0.617508 0.922058 1.000000
0.600510 -0.617508 1.972061 1.000000
0.687958 -0.705048 1.972061 1.000000
0.687988 -0.661301 1.419418 1.000000
0.687958 -0.705048 1.972061 1.000000
0.687988 -0.661301 1.419418 1.000000
0.600510 -0.617508 0.922058 1.000000
0.600510 -0.617508 0.922058 1.000000
0.600510 -0.617508 1.972061 1.000000
0.687958 -0.705048 1.972061 1.000000
0.712234 -0.967606 1.754745 1.000000
0.605591 -1.142654 0.816849 1.000000
0.767242 -0.729584 0.957031 1.000000
0.712234 -0.967606 1.754745 1.000000
0.658997 -1.098801 1.972061 1.000000
0.605591 -1.142654 0.816849 1.000000
0.658997 -1.098801 1.972061 1.000000
0.425232 -1.098648 1.972061 1.000000
0.337692 -1.142349 1.097061 1.000000
0.337692 -1.142349 1.097061 1.000000
0.605591 -1.142654 0.816849 1.000000
0.658997 -1.098801 1.972061 1.000000
0.425232 -1.098648 1.972061 1.000000
0.337830 -0.923599 1.972061 1.000000
0.337692 -1.142349 1.097061 1.000000
0.337692 -1.142349 1.097061 1.000000
0.337830 -0.923599 1.972061 1.000000
-0.006744 -0.923538 1.972061 1.000000
-0.006744 -0.792297 2.672058 1.000000
0.337906 -0.792343 2.672058 1.000000
0.337952 -0.704849 1.972061 1.000000
0.337952 -0.704849 1.972061 1.000000
-0.006744 -0.704788 1.972061 1.000000
-0.006744 -0.792297 2.672058 1.000000
0.337906 -0.792343 2.672058 1.000000
0.337952 -0.704849 2.672058 1.000000
0.337952 -0.704849 1.972061 1.000000
0.337952 -0.704849 2.672058 1.000000
0.425507 -0.617401 2.672058 1.000000
0.425507 -0.617401 1.972061 1.000000
0.425507 -0.617401 1.972061 1.000000
0.337952 -0.704849 1.972061 1.000000
0.337952 -0.704849 2.672058 1.000000
0.600510 -0.617508 2.672058 1.000000
0.687958 -0.705048 2.672058 1.000000
0.687958 -0.705048 1.972061 1.000000
0.687958 -0.705048 1.972061 1.000000
0.600510 -0.617508 1.972061 1.000000
0.600510 -0.617508 2.672058 1.000000
0.687851 -0.880051 2.672058 1.000000
0.600296 -0.967499 2.672058 1.000000
0.658997 -1.098801 1.972061 1.000000
0.658997 -1.098801 1.972061 1.000000
0.712234 -0.967606 1.754745 1.000000
0.687851 -0.880051 2.672058 1.000000
0.600296 -0.967499 2.672058 1.000000
0.425308 -0.967392 2.672058 1.000000
0.425232 -1.098648 1.972061 1.000000
0.425232 -1.098648 1.972061 1.000000
0.658997 -1.098801 1.972061 1.000000
0.600296 -0.967499 2.672058 1.000000
0.425308 -0.967392 2.672058 1.000000
0.337860 -0.879837 2.672058 1.000000
0.337830 -0.923599 1.972061 1.000000
0.337830 -0.923599 1.972061 1.000000
0.425232 -1.098648 1.972061 1.000000
0.425308 -0.967392 2.672058 1.000000
0.337860 -0.879837 2.672058 1.000000
0.337906 -0.792343 2.672058 1.000000
0.337830 -0.923599 1.972061 1.000000
0.337830 -0.923599 1.972061 1.000000
0.337906 -0.792343 2.672058 1.000000
-0.006744 -0.792297 2.672058 1.000000
-0.006744 -0.792297 2.672058 1.000000
-0.006744 -0.923538 1.972061 1.000000
0.337830 -0.923599 1.972061 1.000000
0.518402 -0.617599 -1.895645 1.000000
0.605896 -0.617661 -1.326889 1.000000
0.605850 -0.705154 -1.326889 1.000000
0.518402 -0.617599 -1.895645 1.000000
0.605850 -0.705154 -1.326889 1.000000
0.605804 -0.792648 -1.195633 1.000000
0.605804 -0.792648 -1.195633 1.000000
0.605591 -1.142654 -1.195633 1.000000
0.518402 -0.617599 -1.895645 1.000000
0.605896 -0.617661 -1.326889 1.000000
0.605896 -0.617661 -1.108139 1.000000
0.605850 -0.705154 -1.326889 1.000000
0.080902 -0.617340 -0.495636 1.000000
-0.006744 -0.661041 1.140808 1.000000
0.337982 -0.661087 1.097061 1.000000
0.337982 -0.661087 1.097061 1.000000
0.425507 -0.617401 0.922058 1.000000
0.080902 -0.617340 -0.495636 1.000000
0.080902 -0.617340 -0.495636 1.000000
0.425507 -0.617401 0.922058 1.000000
0.600510 -0.617508 0.922058 1.000000
0.600510 -0.617508 0.922058 1.000000
0.605896 -0.617661 -0.495636 1.000000
0.080902 -0.617340 -0.495636 1.000000
0.605896 -0.617661 -0.495636 1.000000
0.600510 -0.617508 0.922058 1.000000
0.605896 -0.617661 0.204346 1.000000
0.600510 -0.617508 0.922058 1.000000
0.687988 -0.661301 1.419418 1.000000
0.679810 -0.661346 0.957031 1.000000
0.679810 -0.661346 0.957031 1.000000
0.605896 -0.617661 0.204346 1.000000
0.600510 -0.617508 0.922058 1.000000
-0.006744 -0.923538 1.972061 1.000000
-0.006744 -1.142288 1.097061 1.000000
0.337692 -1.142349 1.097061 1.000000
0.605591 -1.142654 -0.408142 1.000000
0.605591 -1.142654 0.816849 1.000000
0.337692 -1.142349 1.097061 1.000000
0.337692 -1.142349 1.097061 1.000000
-0.006744 -1.142288 1.097061 1.000000
0.605591 -1.142654 -0.408142 1.000000
0.605591 -1.142654 -0.408142 1.000000
-0.006744 -1.142288 1.097061 1.000000
-0.006897 -1.142288 -0.408142 1.000000
0.255692 -0.967453 -2.333145 1.000000
0.255692 -0.967453 -1.895645 1.000000
0.255692 -0.967453 -1.370636 1.000000
0.255692 -0.967453 -1.370636 1.000000
0.080597 -1.142349 -1.195633 1.000000
0.255692 -0.967453 -2.333145 1.000000
0.255692 -0.967453 -2.333145 1.000000
0.080597 -1.142349 -1.195633 1.000000
0.080597 -1.142349 -2.333145 1.000000
0.605591 -1.142654 -0.408142 1.000000
-0.006897 -1.142288 -0.408142 1.000000
-0.006897 -1.142288 -1.195633 1.000000
-0.006897 -1.142288 -1.195633 1.000000
0.080597 -1.142349 -1.195633 1.000000
0.605591 -1.142654 -0.408142 1.000000
0.605591 -1.142654 -0.408142 1.000000
0.080597 -1.142349 -1.195633 1.000000
0.255585 -1.142441 -1.195633 1.000000
0.255585 -1.142441 -1.195633 1.000000
0.605591 -1.142654 -1.195633 1.000000
0.605591 -1.142654 -0.408142 1.000000
0.687958 -0.705048 1.972061 1.000000
0.687958 -0.705048 2.672058 1.000000
0.687851 -0.880051 2.672058 1.000000
0.687851 -0.880051 2.672058 1.000000
0.712234 -0.967606 1.754745 1.000000
0.687958 -0.705048 1.972061 1.000000
0.687988 -0.661301 1.419418 1.000000
0.687958 -0.705048 1.972061 1.000000
0.768219 -0.803116 1.777100 1.000000
0.687988 -0.661301 1.419418 1.000000
0.768219 -0.803116 1.777100 1.000000
0.767242 -0.729584 0.957031 1.000000
0.768219 -0.803116 1.777100 1.000000
0.687958 -0.705048 1.972061 1.000000
0.768234 -0.759369 2.127106 1.000000
0.687958 -0.705048 1.972061 1.000000
0.687958 -0.705048 2.672058 1.000000
0.768219 -0.803116 2.885788 1.000000
0.768219 -0.803116 2.885788 1.000000
0.768234 -0.759369 2.127106 1.000000
0.687958 -0.705048 1.972061 1.000000
0.767242 -0.729584 0.957031 1.000000
0.768219 -0.803116 1.777100 1.000000
0.712234 -0.967606 1.754745 1.000000
0.768219 -0.803116 1.777100 1.000000
0.768219 -0.803116 2.885788 1.000000
0.687851 -0.880051 2.672058 1.000000
0.687851 -0.880051 2.672058 1.000000
0.712234 -0.967606 1.754745 1.000000
0.768219 -0.803116 1.777100 1.000000
0.579330 -0.568863 2.670197 1.000000
0.491837 -0.568817 2.391846 1.000000
0.425507 -0.617401 2.672058 1.000000
0.491837 -0.568817 2.391846 1.000000
0.491837 -0.568817 2.041840 1.000000
0.425507 -0.617401 1.972061 1.000000
0.425507 -0.617401 1.972061 1.000000
0.425507 -0.617401 2.672058 1.000000
0.491837 -0.568817 2.391846 1.000000
0.491837 -0.568817 2.041840 1.000000
0.535583 -0.568832 1.524963 1.000000
0.425507 -0.617401 0.922058 1.000000
0.425507 -0.617401 0.922058 1.000000
0.425507 -0.617401 1.972061 1.000000
0.491837 -0.568817 2.041840 1.000000
0.579330 -0.568863 1.524963 1.000000
0.600510 -0.617508 0.922058 1.000000
0.425507 -0.617401 0.922058 1.000000
0.425507 -0.617401 0.922058 1.000000
0.535583 -0.568832 1.524963 1.000000
0.579330 -0.568863 1.524963 1.000000
0.579330 -0.568863 1.524963 1.000000
0.579330 -0.568863 2.670197 1.000000
0.600510 -0.617508 2.672058 1.000000
0.600510 -0.617508 2.672058 1.000000
0.600510 -0.617508 1.972061 1.000000
0.579330 -0.568863 1.524963 1.000000
0.579330 -0.568863 1.524963 1.000000
0.600510 -0.617508 1.972061 1.000000
0.600510 -0.617508 0.922058 1.000000
0.579330 -0.568863 2.670197 1.000000
0.425507 -0.617401 2.672058 1.000000
0.600510 -0.617508 2.672058 1.000000
-0.006790 -0.967285 -3.995636 1.000000
-0.050537 -0.792313 -3.558136 1.000000
-0.006683 -0.792297 -3.558136 1.000000
-0.006790 -0.967285 -3.995636 1.000000
-0.138016 -0.836121 -3.558136 1.000000
-0.050537 -0.792313 -3.558136 1.000000
-0.006790 -0.967285 -3.995636 1.000000
-0.137939 -0.967377 -3.558136 1.000000
-0.138016 -0.836121 -3.558136 1.000000
-0.006790 -0.967285 -3.995636 1.000000
-0.050385 -1.054825 -3.558136 1.000000
-0.137939 -0.967377 -3.558136 1.000000
-0.006790 -0.967285 -3.995636 1.000000
-0.006836 -1.054794 -3.558136 1.000000
-0.050385 -1.054825 -3.558136 1.000000
-0.006683 -0.792297 -3.558136 1.000000
-0.050537 -0.792313 -3.558136 1.000000
-0.094391 -0.617340 -3.033142 1.000000
-0.094391 -0.617340 -3.033142 1.000000
-0.006577 -0.617294 -3.033142 1.000000
-0.006683 -0.792297 -3.558136 1.000000
-0.050537 -0.792313 -3.558136 1.000000
-0.138016 -0.836121 -3.558136 1.000000
-0.225586 -0.704926 -3.033142 1.000000
-0.225586 -0.704926 -3.033142 1.000000
-0.094391 -0.617340 -3.033142 1.000000
-0.050537 -0.792313 -3.558136 1.000000
-0.138016 -0.836121 -3.558136 1.000000
-0.137939 -0.967377 -3.558136 1.000000
-0.225433 -0.967422 -3.033142 1.000000
-0.225433 -0.967422 -3.033142 1.000000
-0.225586 -0.704926 -3.033142 1.000000
-0.138016 -0.836121 -3.558136 1.000000
-0.137939 -0.967377 -3.558136 1.000000
-0.050385 -1.054825 -3.558136 1.000000
-0.094101 -1.098587 -3.033142 1.000000
-0.094101 -1.098587 -3.033142 1.000000
-0.225433 -0.967422 -3.033142 1.000000
-0.137939 -0.967377 -3.558136 1.000000
-0.006836 -1.054794 -3.558136 1.000000
-0.006866 -1.098541 -3.033142 1.000000
-0.094101 -1.098587 -3.033142 1.000000
-0.094101 -1.098587 -3.033142 1.000000
-0.050385 -1.054825 -3.558136 1.000000
-0.006836 -1.054794 -3.558136 1.000000
-0.006577 -0.617294 -3.033142 1.000000
-0.094391 -0.617340 -3.033142 1.000000
-0.094452 -0.529846 -2.683136 1.000000
-0.094452 -0.529846 -2.683136 1.000000
-0.006943 -0.529785 -2.683136 1.000000
-0.006577 -0.617294 -3.033142 1.000000
-0.094391 -0.617340 -3.033142 1.000000
-0.181946 -0.529892 -2.333145 1.000000
-0.094452 -0.529846 -2.683136 1.000000
-0.094391 -0.617340 -3.033142 1.000000
-0.225586 -0.704926 -3.033142 1.000000
-0.269394 -0.617447 -2.333145 1.000000
-0.269394 -0.617447 -2.333145 1.000000
-0.181946 -0.529892 -2.333145 1.000000
-0.094391 -0.617340 -3.033142 1.000000
-0.225586 -0.704926 -3.033142 1.000000
-0.225433 -0.967422 -3.033142 1.000000
-0.269180 -0.967453 -2.333145 1.000000
-0.269180 -0.967453 -2.333145 1.000000
-0.269394 -0.617447 -2.333145 1.000000
-0.225586 -0.704926 -3.033142 1.000000
-0.225433 -0.967422 -3.033142 1.000000
-0.094101 -1.098587 -3.033142 1.000000
-0.094086 -1.142349 -2.333145 1.000000
-0.094086 -1.142349 -2.333145 1.000000
-0.269180 -0.967453 -2.333145 1.000000
-0.225433 -0.967422 -3.033142 1.000000
-0.006866 -1.098541 -3.033142 1.000000
-0.006897 -1.142288 -2.333145 1.000000
-0.094086 -1.142349 -2.333145 1.000000
-0.094086 -1.142349 -2.333145 1.000000
-0.094101 -1.098587 -3.033142 1.000000
-0.006866 -1.098541 -3.033142 1.000000
-0.181946 -0.529892 -2.333145 1.000000
-0.269394 -0.617447 -2.333145 1.000000
-0.269394 -0.617447 -1.895645 1.000000
-0.269394 -0.617447 -1.895645 1.000000
-0.181946 -0.529892 -1.808136 1.000000
-0.181946 -0.529892 -2.333145 1.000000
-0.269394 -0.617447 -2.333145 1.000000
-0.269180 -0.967453 -2.333145 1.000000
-0.269180 -0.967453 -1.895645 1.000000
-0.269180 -0.967453 -1.895645 1.000000
-0.269394 -0.617447 -1.895645 1.000000
-0.269394 -0.617447 -2.333145 1.000000
-0.269394 -0.617447 -1.895645 1.000000
-0.269180 -0.967453 -1.895645 1.000000
-0.269180 -0.967453 -1.370636 1.000000
-0.006897 -1.142288 -2.333145 1.000000
-0.006897 -1.142288 -1.195633 1.000000
-0.094086 -1.142349 -1.195633 1.000000
-0.094086 -1.142349 -1.195633 1.000000
-0.094086 -1.142349 -2.333145 1.000000
-0.006897 -1.142288 -2.333145 1.000000
-0.181946 -0.529892 -1.808136 1.000000
-0.181900 -0.617401 -1.108139 1.000000
-0.050766 -0.398575 -1.195633 1.000000
-0.181946 -0.529892 -1.808136 1.000000
-0.269394 -0.617447 -1.895645 1.000000
-0.181900 -0.617401 -1.108139 1.000000
-0.269394 -0.617447 -1.895645 1.000000
-0.531891 -0.617599 -1.895645 1.000000
-0.619385 -0.617661 -1.326889 1.000000
-0.619385 -0.617661 -1.326889 1.000000
-0.181900 -0.617401 -1.108139 1.000000
-0.269394 -0.617447 -1.895645 1.000000
-0.181900 -0.617401 -1.108139 1.000000
-0.619385 -0.617661 -1.326889 1.000000
-0.619385 -0.617661 -1.108139 1.000000
-0.269089 -1.142441 -1.195633 1.000000
-0.269180 -0.967453 -1.370636 1.000000
-0.094086 -1.142349 -1.195633 1.000000
-0.007019 -0.398544 -1.195633 1.000000
-0.050766 -0.398575 -1.195633 1.000000
-0.006943 -0.529785 -0.495636 1.000000
-0.050766 -0.398575 -1.195633 1.000000
-0.181900 -0.617401 -1.108139 1.000000
-0.094391 -0.617340 -0.495636 1.000000
-0.094391 -0.617340 -0.495636 1.000000
-0.006943 -0.529785 -0.495636 1.000000
-0.050766 -0.398575 -1.195633 1.000000
-0.181900 -0.617401 -1.108139 1.000000
-0.619385 -0.617661 -1.108139 1.000000
-0.619385 -0.617661 -0.495636 1.000000
-0.619385 -0.617661 -0.495636 1.000000
-0.094391 -0.617340 -0.495636 1.000000
-0.181900 -0.617401 -1.108139 1.000000
-0.619385 -0.617661 -1.108139 1.000000
-0.619339 -0.705154 -1.326889 1.000000
-0.663086 -0.705185 -1.151886 1.000000
-0.619339 -0.705154 -1.326889 1.000000
-0.619293 -0.792648 -1.195633 1.000000
-0.663086 -0.705185 -1.151886 1.000000
-0.619385 -0.617661 -1.108139 1.000000
-0.953766 -0.705231 -0.204773 1.000000
-0.619385 -0.617661 -0.495636 1.000000
-0.619385 -0.617661 -1.108139 1.000000
-0.663086 -0.705185 -1.151886 1.000000
-0.953766 -0.705231 -0.204773 1.000000
-0.619293 -0.792648 -1.195633 1.000000
-0.953766 -0.705231 -0.204773 1.000000
-0.663086 -0.705185 -1.151886 1.000000
-0.619293 -0.792648 -1.195633 1.000000
-0.619232 -0.880157 -0.408142 1.000000
-0.953766 -0.705231 -0.204773 1.000000
-0.619293 -0.792648 -1.195633 1.000000
-0.619080 -1.142654 -1.195633 1.000000
-0.619080 -1.142654 -0.408142 1.000000
-0.619080 -1.142654 -0.408142 1.000000
-0.619232 -0.880157 -0.408142 1.000000
-0.619293 -0.792648 -1.195633 1.000000
-0.619385 -0.617661 -0.495636 1.000000
-0.953766 -0.705231 -0.204773 1.000000
-0.619385 -0.617661 0.204346 1.000000
-0.953766 -0.705231 -0.204773 1.000000
-0.619232 -0.880157 -0.408142 1.000000
-0.619293 -0.792648 0.379349 1.000000
-0.006943 -0.529785 -0.495636 1.000000
-0.094391 -0.617340 -0.495636 1.000000
-0.006744 -0.661041 1.140808 1.000000
-0.619232 -0.880157 -0.408142 1.000000
-0.619080 -1.142654 -0.408142 1.000000
-0.619080 -1.142654 0.816849 1.000000
-0.619080 -1.142654 0.816849 1.000000
-0.780731 -0.729584 0.957031 1.000000
-0.619232 -0.880157 -0.408142 1.000000
-0.619232 -0.880157 -0.408142 1.000000
-0.780731 -0.729584 0.957031 1.000000
-0.619293 -0.792648 0.379349 1.000000
-0.006744 -0.704788 1.972061 1.000000
-0.006744 -0.661041 1.140808 1.000000
-0.351471 -0.661087 1.097061 1.000000
-0.351471 -0.661087 1.097061 1.000000
-0.351440 -0.704849 1.972061 1.000000
-0.006744 -0.704788 1.972061 1.000000
-0.351471 -0.661087 1.097061 1.000000
-0.438995 -0.617401 1.972061 1.000000
-0.351440 -0.704849 1.972061 1.000000
-0.351471 -0.661087 1.097061 1.000000
-0.438995 -0.617401 0.922058 1.000000
-0.438995 -0.617401 1.972061 1.000000
-0.613998 -0.617493 0.922058 1.000000
-0.701477 -0.661301 1.419418 1.000000
-0.613998 -0.617493 1.972061 1.000000
-0.701477 -0.661301 1.419418 1.000000
-0.701447 -0.705048 1.972061 1.000000
-0.613998 -0.617493 1.972061 1.000000
-0.780731 -0.729584 0.957031 1.000000
-0.619080 -1.142654 0.816849 1.000000
-0.725723 -0.967606 1.754745 1.000000
-0.619080 -1.142654 0.816849 1.000000
-0.672485 -1.098801 1.972061 1.000000
-0.725723 -0.967606 1.754745 1.000000
-0.619080 -1.142654 0.816849 1.000000
-0.351181 -1.142349 1.097061 1.000000
-0.438721 -1.098648 1.972061 1.000000
-0.438721 -1.098648 1.972061 1.000000
-0.672485 -1.098801 1.972061 1.000000
-0.619080 -1.142654 0.816849 1.000000
-0.351181 -1.142349 1.097061 1.000000
-0.351318 -0.923599 1.972061 1.000000
-0.438721 -1.098648 1.972061 1.000000
-0.006744 -0.923538 1.972061 1.000000
-0.351318 -0.923599 1.972061 1.000000
-0.351181 -1.142349 1.097061 1.000000
-0.006744 -0.704788 1.972061 1.000000
-0.351440 -0.704849 1.972061 1.000000
-0.351395 -0.792343 2.672058 1.000000
-0.351395 -0.792343 2.672058 1.000000
-0.006744 -0.792297 2.672058 1.000000
-0.006744 -0.704788 1.972061 1.000000
-0.351440 -0.704849 1.972061 1.000000
-0.351440 -0.704849 2.672058 1.000000
-0.351395 -0.792343 2.672058 1.000000
-0.351440 -0.704849 1.972061 1.000000
-0.438995 -0.617401 1.972061 1.000000
-0.438995 -0.617401 2.672058 1.000000
-0.438995 -0.617401 2.672058 1.000000
-0.351440 -0.704849 2.672058 1.000000
-0.351440 -0.704849 1.972061 1.000000
-0.613998 -0.617493 1.972061 1.000000
-0.701447 -0.705048 1.972061 1.000000
-0.701447 -0.705048 2.672058 1.000000
-0.701447 -0.705048 2.672058 1.000000
-0.613998 -0.617493 2.672058 1.000000
-0.613998 -0.617493 1.972061 1.000000
-0.725723 -0.967606 1.754745 1.000000
-0.672485 -1.098801 1.972061 1.000000
-0.613785 -0.967499 2.672058 1.000000
-0.613785 -0.967499 2.672058 1.000000
-0.701340 -0.880051 2.672058 1.000000
-0.725723 -0.967606 1.754745 1.000000
-0.672485 -1.098801 1.972061 1.000000
-0.438721 -1.098648 1.972061 1.000000
-0.438797 -0.967392 2.672058 1.000000
-0.438797 -0.967392 2.672058 1.000000
-0.613785 -0.967499 2.672058 1.000000
-0.672485 -1.098801 1.972061 1.000000
-0.438721 -1.098648 1.972061 1.000000
-0.351318 -0.923599 1.972061 1.000000
-0.351349 -0.879837 2.672058 1.000000
-0.351349 -0.879837 2.672058 1.000000
-0.438797 -0.967392 2.672058 1.000000
-0.438721 -1.098648 1.972061 1.000000
-0.351318 -0.923599 1.972061 1.000000
-0.351395 -0.792343 2.672058 1.000000
-0.351349 -0.879837 2.672058 1.000000
-0.006744 -0.923538 1.972061 1.000000
-0.006744 -0.792297 2.672058 1.000000
-0.351395 -0.792343 2.672058 1.000000
-0.351395 -0.792343 2.672058 1.000000
-0.351318 -0.923599 1.972061 1.000000
-0.006744 -0.923538 1.972061 1.000000
-0.619339 -0.705154 -1.326889 1.000000
-0.619385 -0.617661 -1.326889 1.000000
-0.531891 -0.617599 -1.895645 1.000000
-0.619080 -1.142654 -1.195633 1.000000
-0.619293 -0.792648 -1.195633 1.000000
-0.619339 -0.705154 -1.326889 1.000000
-0.619339 -0.705154 -1.326889 1.000000
-0.531891 -0.617599 -1.895645 1.000000
-0.619080 -1.142654 -1.195633 1.000000
-0.619339 -0.705154 -1.326889 1.000000
-0.619385 -0.617661 -1.108139 1.000000
-0.619385 -0.617661 -1.326889 1.000000
-0.438995 -0.617401 0.922058 1.000000
-0.351471 -0.661087 1.097061 1.000000
-0.006744 -0.661041 1.140808 1.000000
-0.006744 -0.661041 1.140808 1.000000
-0.094391 -0.617340 -0.495636 1.000000
-0.438995 -0.617401 0.922058 1.000000
-0.619385 -0.617661 -0.495636 1.000000
-0.613998 -0.617493 0.922058 1.000000
-0.438995 -0.617401 0.922058 1.000000
-0.438995 -0.617401 0.922058 1.000000
-0.094391 -0.617340 -0.495636 1.000000
-0.619385 -0.617661 -0.495636 1.000000
-0.619385 -0.617661 0.204346 1.000000
-0.613998 -0.617493 0.922058 1.000000
-0.619385 -0.617661 -0.495636 1.000000
-0.619385 -0.617661 0.204346 1.000000
-0.693298 -0.661346 0.957031 1.000000
-0.701477 -0.661301 1.419418 1.000000
-0.701477 -0.661301 1.419418 1.000000
-0.613998 -0.617493 0.922058 1.000000
-0.619385 -0.617661 0.204346 1.000000
-0.351181 -1.142349 1.097061 1.000000
-0.006744 -1.142288 1.097061 1.000000
-0.006744 -0.923538 1.972061 1.000000
-0.006897 -1.142288 -0.408142 1.000000
-0.006744 -1.142288 1.097061 1.000000
-0.351181 -1.142349 1.097061 1.000000
-0.351181 -1.142349 1.097061 1.000000
-0.619080 -1.142654 0.816849 1.000000
-0.006897 -1.142288 -0.408142 1.000000
-0.006897 -1.142288 -0.408142 1.000000
-0.619080 -1.142654 0.816849 1.000000
-0.619080 -1.142654 -0.408142 1.000000
-0.094086 -1.142349 -2.333145 1.000000
-0.094086 -1.142349 -1.195633 1.000000
-0.269180 -0.967453 -1.370636 1.000000
-0.269180 -0.967453 -1.370636 1.000000
-0.269180 -0.967453 -1.895645 1.000000
-0.094086 -1.142349 -2.333145 1.000000
-0.094086 -1.142349 -2.333145 1.000000
-0.269180 -0.967453 -1.895645 1.000000
-0.269180 -0.967453 -2.333145 1.000000
-0.269089 -1.142441 -1.195633 1.000000
-0.094086 -1.142349 -1.195633 1.000000
-0.006897 -1.142288 -1.195633 1.000000
-0.006897 -1.142288 -1.195633 1.000000
-0.006897 -1.142288 -0.408142 1.000000
-0.269089 -1.142441 -1.195633 1.000000
-0.269089 -1.142441 -1.195633 1.000000
-0.006897 -1.142288 -0.408142 1.000000
-0.619080 -1.142654 -0.408142 1.000000
-0.619080 -1.142654 -0.408142 1.000000
-0.619080 -1.142654 -1.195633 1.000000
-0.269089 -1.142441 -1.195633 1.000000
-0.725723 -0.967606 1.754745 1.000000
-0.701340 -0.880051 2.672058 1.000000
-0.701447 -0.705048 2.672058 1.000000
-0.701447 -0.705048 2.672058 1.000000
-0.701447 -0.705048 1.972061 1.000000
-0.725723 -0.967606 1.754745 1.000000
-0.781708 -0.803116 1.777100 1.000000
-0.701447 -0.705048 1.972061 1.000000
-0.701477 -0.661301 1.419418 1.000000
-0.780731 -0.729584 0.957031 1.000000
-0.781708 -0.803116 1.777100 1.000000
-0.701477 -0.661301 1.419418 1.000000
-0.781723 -0.759369 2.127106 1.000000
-0.701447 -0.705048 1.972061 1.000000
-0.781708 -0.803116 1.777100 1.000000
-0.781723 -0.759369 2.127106 1.000000
-0.781708 -0.803116 2.885788 1.000000
-0.701447 -0.705048 2.672058 1.000000
-0.701447 -0.705048 2.672058 1.000000
-0.701447 -0.705048 1.972061 1.000000
-0.781723 -0.759369 2.127106 1.000000
-0.725723 -0.967606 1.754745 1.000000
-0.781708 -0.803116 1.777100 1.000000
-0.780731 -0.729584 0.957031 1.000000
-0.725723 -0.967606 1.754745 1.000000
-0.701340 -0.880051 2.672058 1.000000
-0.781708 -0.803116 2.885788 1.000000
-0.781708 -0.803116 2.885788 1.000000
-0.781708 -0.803116 1.777100 1.000000
-0.725723 -0.967606 1.754745 1.000000
-0.438995 -0.617401 2.672058 1.000000
-0.505325 -0.568817 2.391846 1.000000
-0.592819 -0.568863 2.670197 1.000000
-0.438995 -0.617401 2.672058 1.000000
-0.438995 -0.617401 1.972061 1.000000
-0.505325 -0.568817 2.041840 1.000000
-0.505325 -0.568817 2.041840 1.000000
-0.505325 -0.568817 2.391846 1.000000
-0.438995 -0.617401 2.672058 1.000000
-0.438995 -0.617401 1.972061 1.000000
-0.438995 -0.617401 0.922058 1.000000
-0.549072 -0.568848 1.524963 1.000000
-0.549072 -0.568848 1.524963 1.000000
-0.505325 -0.568817 2.041840 1.000000
-0.438995 -0.617401 1.972061 1.000000
-0.549072 -0.568848 1.524963 1.000000
-0.438995 -0.617401 0.922058 1.000000
-0.613998 -0.617493 0.922058 1.000000
-0.613998 -0.617493 0.922058 1.000000
-0.592819 -0.568863 1.524963 1.000000
-0.549072 -0.568848 1.524963 1.000000
-0.613998 -0.617493 0.922058 1.000000
-0.613998 -0.617493 1.972061 1.000000
-0.613998 -0.617493 2.672058 1.000000
-0.613998 -0.617493 2.672058 1.000000
-0.592819 -0.568863 2.670197 1.000000
-0.613998 -0.617493 0.922058 1.000000
-0.613998 -0.617493 0.922058 1.000000
-0.592819 -0.568863 2.670197 1.000000
-0.592819 -0.568863 1.524963 1.000000
-0.613998 -0.617493 2.672058 1.000000
-0.438995 -0.617401 2.672058 1.000000
-0.592819 -0.568863 2.670197 1.000000
-0.006424 -0.354797 -2.333145 1.000000
0.081055 -0.354843 -2.333145 1.000000
0.080948 -0.529846 -2.683136 1.000000
0.080948 -0.529846 -2.683136 1.000000
-0.006531 -0.529785 -2.683136 1.000000
-0.006424 -0.354797 -2.333145 1.000000
0.081055 -0.354843 -2.333145 1.000000
0.168457 -0.529892 -2.333145 1.000000
0.080948 -0.529846 -2.683136 1.000000
-0.006393 -0.311035 -1.808136 1.000000
0.081085 -0.311096 -1.808136 1.000000
0.081055 -0.354843 -2.333145 1.000000
0.081055 -0.354843 -2.333145 1.000000
-0.006424 -0.354797 -2.333145 1.000000
-0.006393 -0.311035 -1.808136 1.000000
0.081085 -0.311096 -1.808136 1.000000
0.168457 -0.529892 -1.808136 1.000000
0.168457 -0.529892 -2.333145 1.000000
0.168457 -0.529892 -2.333145 1.000000
0.081055 -0.354843 -2.333145 1.000000
0.081085 -0.311096 -1.808136 1.000000
-0.006454 -0.398544 -1.195633 1.000000
0.037277 -0.398560 -1.195633 1.000000
0.081085 -0.311096 -1.808136 1.000000
0.081085 -0.311096 -1.808136 1.000000
-0.006393 -0.311035 -1.808136 1.000000
-0.006454 -0.398544 -1.195633 1.000000
0.037277 -0.398560 -1.195633 1.000000
0.168457 -0.529892 -1.808136 1.000000
0.081085 -0.311096 -1.808136 1.000000
-0.006943 -0.529785 -2.683136 1.000000
-0.094452 -0.529846 -2.683136 1.000000
-0.094543 -0.354843 -2.333145 1.000000
-0.094543 -0.354843 -2.333145 1.000000
-0.007050 -0.354797 -2.333145 1.000000
-0.006943 -0.529785 -2.683136 1.000000
-0.094452 -0.529846 -2.683136 1.000000
-0.181946 -0.529892 -2.333145 1.000000
-0.094543 -0.354843 -2.333145 1.000000
-0.007050 -0.354797 -2.333145 1.000000
-0.094543 -0.354843 -2.333145 1.000000
-0.094574 -0.311096 -1.808136 1.000000
-0.094574 -0.311096 -1.808136 1.000000
-0.007080 -0.311035 -1.808136 1.000000
-0.007050 -0.354797 -2.333145 1.000000
-0.094543 -0.354843 -2.333145 1.000000
-0.181946 -0.529892 -2.333145 1.000000
-0.181946 -0.529892 -1.808136 1.000000
-0.181946 -0.529892 -1.808136 1.000000
-0.094574 -0.311096 -1.808136 1.000000
-0.094543 -0.354843 -2.333145 1.000000
-0.007080 -0.311035 -1.808136 1.000000
-0.094574 -0.311096 -1.808136 1.000000
-0.050766 -0.398575 -1.195633 1.000000
-0.050766 -0.398575 -1.195633 1.000000
-0.007019 -0.398544 -1.195633 1.000000
-0.007080 -0.311035 -1.808136 1.000000
-0.094574 -0.311096 -1.808136 1.000000
-0.181946 -0.529892 -1.808136 1.000000
-0.050766 -0.398575 -1.195633 1.000000
1.688080 -0.706238 2.695129 1.000000
1.910492 -0.706299 2.290527 1.000000
1.866913 -0.706299 2.039566 1.000000
1.688080 -0.706238 2.695129 1.000000
0.605804 -0.792648 0.379349 1.000000
1.866913 -0.706299 2.039566 1.000000
1.866913 -0.706299 2.039566 1.000000
0.605804 -0.792648 0.379349 1.000000
0.940277 -0.705231 -0.204773 1.000000
1.688080 -0.706238 2.695129 1.000000
0.767242 -0.729584 0.957031 1.000000
0.605804 -0.792648 0.379349 1.000000
0.605896 -0.617661 0.204346 1.000000
0.679810 -0.661346 0.957031 1.000000
1.688080 -0.706238 2.695129 1.000000
1.866913 -0.706299 2.039566 1.000000
0.940277 -0.705231 -0.204773 1.000000
1.688080 -0.706238 2.695129 1.000000
1.688080 -0.706238 2.695129 1.000000
0.940277 -0.705231 -0.204773 1.000000
0.605896 -0.617661 0.204346 1.000000
0.679810 -0.661346 0.957031 1.000000
0.687988 -0.661301 1.419418 1.000000
1.688080 -0.706238 2.695129 1.000000
0.767242 -0.729584 0.957031 1.000000
1.688080 -0.706238 2.695129 1.000000
0.687988 -0.661301 1.419418 1.000000
-0.953766 -0.705231 -0.204773 1.000000
-0.619293 -0.792648 0.379349 1.000000
-1.701569 -0.706238 2.695129 1.000000
-1.701569 -0.706238 2.695129 1.000000
-1.923981 -0.706299 2.290527 1.000000
-0.953766 -0.705231 -0.204773 1.000000
-0.953766 -0.705231 -0.204773 1.000000
-1.923981 -0.706299 2.290527 1.000000
-1.880402 -0.706299 2.039566 1.000000
-0.619293 -0.792648 0.379349 1.000000
-0.780731 -0.729584 0.957031 1.000000
-1.701569 -0.706238 2.695129 1.000000
-1.701569 -0.706238 2.695129 1.000000
-0.693298 -0.661346 0.957031 1.000000
-0.619385 -0.617661 0.204346 1.000000
-0.619385 -0.617661 0.204346 1.000000
-0.953766 -0.705231 -0.204773 1.000000
-1.880402 -0.706299 2.039566 1.000000
-1.880402 -0.706299 2.039566 1.000000
-1.923981 -0.706299 2.290527 1.000000
-0.619385 -0.617661 0.204346 1.000000
-0.619385 -0.617661 0.204346 1.000000
-1.923981 -0.706299 2.290527 1.000000
-1.701569 -0.706238 2.695129 1.000000
-0.701477 -0.661301 1.419418 1.000000
-0.693298 -0.661346 0.957031 1.000000
-1.701569 -0.706238 2.695129 1.000000
-0.701477 -0.661301 1.419418 1.000000
-1.701569 -0.706238 2.695129 1.000000
-0.780731 -0.729584 0.957031 1.000000
0.768234 -0.759369 2.127106 1.000000
1.599472 -0.803619 2.870850 1.000000
1.643219 -0.803635 2.739609 1.000000
1.643219 -0.803635 2.739609 1.000000
0.768219 -0.803116 1.777100 1.000000
0.768234 -0.759369 2.127106 1.000000
0.768219 -0.803116 2.885788 1.000000
1.468216 -0.803528 2.891632 1.000000
1.599472 -0.803619 2.870850 1.000000
1.599472 -0.803619 2.870850 1.000000
0.768234 -0.759369 2.127106 1.000000
0.768219 -0.803116 2.885788 1.000000
1.643219 -0.803635 2.739609 1.000000
1.599472 -0.803619 2.870850 1.000000
1.468216 -0.803528 2.891632 1.000000
1.468216 -0.803528 2.891632 1.000000
0.768219 -0.803116 2.885788 1.000000
1.643219 -0.803635 2.739609 1.000000
1.643219 -0.803635 2.739609 1.000000
0.768219 -0.803116 2.885788 1.000000
0.768219 -0.803116 1.777100 1.000000
-1.612961 -0.803619 2.870850 1.000000
-1.656708 -0.803635 2.739609 1.000000
-0.781708 -0.803116 1.777100 1.000000
-1.612961 -0.803619 2.870850 1.000000
-0.781723 -0.759369 2.127106 1.000000
-0.781708 -0.803116 1.777100 1.000000
-0.781723 -0.759369 2.127106 1.000000
-1.612961 -0.803619 2.870850 1.000000
-1.481705 -0.803528 2.891632 1.000000
-1.481705 -0.803528 2.891632 1.000000
-0.781708 -0.803116 2.885788 1.000000
-0.781723 -0.759369 2.127106 1.000000
-0.781708 -0.803116 1.777100 1.000000
-0.781708 -0.803116 2.885788 1.000000
-1.481705 -0.803528 2.891632 1.000000
-1.481705 -0.803528 2.891632 1.000000
-1.612961 -0.803619 2.870850 1.000000
-0.781708 -0.803116 1.777100 1.000000
0.255905 -0.617447 -1.895645 1.000000
0.518402 -0.617599 -1.895645 1.000000
0.605591 -1.142654 -1.195633 1.000000
0.605591 -1.142654 -1.195633 1.000000
0.255585 -1.142441 -1.195633 1.000000
0.255905 -0.617447 -1.895645 1.000000
0.255905 -0.617447 -1.895645 1.000000
0.255585 -1.142441 -1.195633 1.000000
0.255692 -0.967453 -1.370636 1.000000
-0.619080 -1.142654 -1.195633 1.000000
-0.269089 -1.142441 -1.195633 1.000000
-0.269180 -0.967453 -1.370636 1.000000
-0.269180 -0.967453 -1.370636 1.000000
-0.531891 -0.617599 -1.895645 1.000000
-0.619080 -1.142654 -1.195633 1.000000
-0.269394 -0.617447 -1.895645 1.000000
-0.531891 -0.617599 -1.895645 1.000000
-0.269180 -0.967453 -1.370636 1.000000
0.576141 -0.667450 2.927795 1.000000
0.434448 -0.667358 2.927795 1.000000
0.363556 -0.738159 2.927795 1.000000
0.363556 -0.738159 2.927795 1.000000
0.646942 -0.738327 2.927795 1.000000
0.576141 -0.667450 2.927795 1.000000
0.646866 -0.880020 2.927795 1.000000
0.646942 -0.738327 2.927795 1.000000
0.363556 -0.738159 2.927795 1.000000
0.363556 -0.738159 2.927795 1.000000
0.575974 -0.950836 2.927795 1.000000
0.646866 -0.880020 2.927795 1.000000
0.434280 -0.950745 2.927795 1.000000
0.575974 -0.950836 2.927795 1.000000
0.363556 -0.738159 2.927795 1.000000
0.363556 -0.738159 2.927795 1.000000
0.363480 -0.879852 2.927795 1.000000
0.434280 -0.950745 2.927795 1.000000
0.425308 -0.967392 2.672058 1.000000
0.434280 -0.950745 2.927795 1.000000
0.363480 -0.879852 2.927795 1.000000
0.363480 -0.879852 2.927795 1.000000
0.337860 -0.879837 2.672058 1.000000
0.425308 -0.967392 2.672058 1.000000
0.600296 -0.967499 2.672058 1.000000
0.575974 -0.950836 2.927795 1.000000
0.434280 -0.950745 2.927795 1.000000
0.434280 -0.950745 2.927795 1.000000
0.425308 -0.967392 2.672058 1.000000
0.600296 -0.967499 2.672058 1.000000
0.687851 -0.880051 2.672058 1.000000
0.646866 -0.880020 2.927795 1.000000
0.575974 -0.950836 2.927795 1.000000
0.575974 -0.950836 2.927795 1.000000
0.600296 -0.967499 2.672058 1.000000
0.687851 -0.880051 2.672058 1.000000
0.687958 -0.705048 2.672058 1.000000
0.646942 -0.738327 2.927795 1.000000
0.646866 -0.880020 2.927795 1.000000
0.646866 -0.880020 2.927795 1.000000
0.687851 -0.880051 2.672058 1.000000
0.687958 -0.705048 2.672058 1.000000
0.600510 -0.617508 2.672058 1.000000
0.576141 -0.667450 2.927795 1.000000
0.646942 -0.738327 2.927795 1.000000
0.646942 -0.738327 2.927795 1.000000
0.687958 -0.705048 2.672058 1.000000
0.600510 -0.617508 2.672058 1.000000
0.425507 -0.617401 2.672058 1.000000
0.434448 -0.667358 2.927795 1.000000
0.576141 -0.667450 2.927795 1.000000
0.576141 -0.667450 2.927795 1.000000
0.600510 -0.617508 2.672058 1.000000
0.425507 -0.617401 2.672058 1.000000
0.337952 -0.704849 2.672058 1.000000
0.363556 -0.738159 2.927795 1.000000
0.434448 -0.667358 2.927795 1.000000
0.434448 -0.667358 2.927795 1.000000
0.425507 -0.617401 2.672058 1.000000
0.337952 -0.704849 2.672058 1.000000
0.337860 -0.879837 2.672058 1.000000
0.363480 -0.879852 2.927795 1.000000
0.363556 -0.738159 2.927795 1.000000
0.363556 -0.738159 2.927795 1.000000
0.337952 -0.704849 2.672058 1.000000
0.337860 -0.879837 2.672058 1.000000
-0.589462 -0.950836 2.927795 1.000000
-0.447769 -0.950745 2.927795 1.000000
-0.376968 -0.879852 2.927795 1.000000
-0.376968 -0.879852 2.927795 1.000000
-0.660355 -0.880020 2.927795 1.000000
-0.589462 -0.950836 2.927795 1.000000
-0.660431 -0.738327 2.927795 1.000000
-0.660355 -0.880020 2.927795 1.000000
-0.376968 -0.879852 2.927795 1.000000
-0.376968 -0.879852 2.927795 1.000000
-0.589630 -0.667450 2.927795 1.000000
-0.660431 -0.738327 2.927795 1.000000
-0.447937 -0.667358 2.927795 1.000000
-0.589630 -0.667450 2.927795 1.000000
-0.376968 -0.879852 2.927795 1.000000
-0.376968 -0.879852 2.927795 1.000000
-0.377045 -0.738159 2.927795 1.000000
-0.447937 -0.667358 2.927795 1.000000
-0.351349 -0.879837 2.672058 1.000000
-0.376968 -0.879852 2.927795 1.000000
-0.447769 -0.950745 2.927795 1.000000
-0.447769 -0.950745 2.927795 1.000000
-0.438797 -0.967392 2.672058 1.000000
-0.351349 -0.879837 2.672058 1.000000
-0.438797 -0.967392 2.672058 1.000000
-0.447769 -0.950745 2.927795 1.000000
-0.589462 -0.950836 2.927795 1.000000
-0.589462 -0.950836 2.927795 1.000000
-0.613785 -0.967499 2.672058 1.000000
-0.438797 -0.967392 2.672058 1.000000
-0.613785 -0.967499 2.672058 1.000000
-0.589462 -0.950836 2.927795 1.000000
-0.660355 -0.880020 2.927795 1.000000
-0.660355 -0.880020 2.927795 1.000000
-0.701340 -0.880051 2.672058 1.000000
-0.613785 -0.967499 2.672058 1.000000
-0.701340 -0.880051 2.672058 1.000000
-0.660355 -0.880020 2.927795 1.000000
-0.660431 -0.738327 2.927795 1.000000
-0.660431 -0.738327 2.927795 1.000000
-0.701447 -0.705048 2.672058 1.000000
-0.701340 -0.880051 2.672058 1.000000
-0.701447 -0.705048 2.672058 1.000000
-0.660431 -0.738327 2.927795 1.000000
-0.589630 -0.667450 2.927795 1.000000
-0.589630 -0.667450 2.927795 1.000000
-0.613998 -0.617493 2.672058 1.000000
-0.701447 -0.705048 2.672058 1.000000
-0.613998 -0.617493 2.672058 1.000000
-0.589630 -0.667450 2.927795 1.000000
-0.447937 -0.667358 2.927795 1.000000
-0.447937 -0.667358 2.927795 1.000000
-0.438995 -0.617401 2.672058 1.000000
-0.613998 -0.617493 2.672058 1.000000
-0.438995 -0.617401 2.672058 1.000000
-0.447937 -0.667358 2.927795 1.000000
-0.377045 -0.738159 2.927795 1.000000
-0.377045 -0.738159 2.927795 1.000000
-0.351440 -0.704849 2.672058 1.000000
-0.438995 -0.617401 2.672058 1.000000
-0.351440 -0.704849 2.672058 1.000000
-0.377045 -0.738159 2.927795 1.000000
-0.376968 -0.879852 2.927795 1.000000
-0.376968 -0.879852 2.927795 1.000000
-0.351349 -0.879837 2.672058 1.000000
-0.351440 -0.704849 2.672058 1.000000
0.579987 0.524872 2.479340 1.000000
0.579987 0.524872 2.829346 1.000000
0.579330 -0.568863 2.670197 1.000000
0.579330 -0.568863 2.670197 1.000000
0.579330 -0.568863 1.524963 1.000000
0.579987 0.524872 2.479340 1.000000
0.535583 -0.568832 1.524963 1.000000
0.579987 0.524872 2.479340 1.000000
0.579330 -0.568863 1.524963 1.000000
0.491837 -0.568817 2.041840 1.000000
0.579987 0.524872 2.479340 1.000000
0.535583 -0.568832 1.524963 1.000000
0.491837 -0.568817 2.041840 1.000000
0.491837 -0.568817 2.391846 1.000000
0.579987 0.524872 2.654343 1.000000
0.579987 0.524872 2.654343 1.000000
0.579987 0.524872 2.479340 1.000000
0.491837 -0.568817 2.041840 1.000000
0.579330 -0.568863 2.670197 1.000000
0.579987 0.524872 2.829346 1.000000
0.579987 0.524872 2.654343 1.000000
0.579987 0.524872 2.654343 1.000000
0.491837 -0.568817 2.391846 1.000000
0.579330 -0.568863 2.670197 1.000000
-0.592819 -0.568863 1.524963 1.000000
-0.592819 -0.568863 2.670197 1.000000
-0.593475 0.524872 2.829346 1.000000
-0.593475 0.524872 2.829346 1.000000
-0.593475 0.524872 2.479340 1.000000
-0.592819 -0.568863 1.524963 1.000000
-0.592819 -0.568863 1.524963 1.000000
-0.593475 0.524872 2.479340 1.000000
-0.549072 -0.568832 1.524963 1.000000
-0.549072 -0.568832 1.524963 1.000000
-0.593475 0.524872 2.479340 1.000000
-0.505325 -0.568817 2.041840 1.000000
-0.593475 0.524872 2.479340 1.000000
-0.593475 0.524872 2.654343 1.000000
-0.505325 -0.568817 2.391846 1.000000
-0.505325 -0.568817 2.391846 1.000000
-0.505325 -0.568817 2.041840 1.000000
-0.593475 0.524872 2.479340 1.000000
-0.505325 -0.568817 2.391846 1.000000
-0.593475 0.524872 2.654343 1.000000
-0.593475 0.524872 2.829346 1.000000
-0.593475 0.524872 2.829346 1.000000
-0.592819 -0.568863 2.670197 1.000000
-0.505325 -0.568817 2.391846 1.000000

