0.500015 0.063568 0.000000 1.000000
0.523117 0.063568 0.000000 1.000000
0.499969 0.000000 0.000000 1.000000
0.523117 0.063568 0.000000 1.000000
0.569305 0.063568 0.000000 1.000000
0.499969 0.000000 0.000000 1.000000
0.569305 0.063568 0.000000 1.000000
0.569305 0.063568 0.000000 1.000000
0.499969 0.000000 0.000000 1.000000
0.569305 0.063568 0.000000 1.000000
0.523117 0.063568 0.000000 1.000000
0.499969 0.000000 0.000000 1.000000
0.523117 0.063568 0.000000 1.000000
0.500015 0.063568 0.000000 1.000000
0.499969 0.000000 0.000000 1.000000
0.500076 0.139862 0.000000 1.000000
0.546265 0.139862 0.000000 1.000000
0.523117 0.063568 0.000000 1.000000
0.523117 0.063568 0.000000 1.000000
0.500015 0.063568 0.000000 1.000000
0.500076 0.139862 0.000000 1.000000
0.546265 0.139862 0.000000 1.000000
0.615540 0.139862 0.000000 1.000000
0.569305 0.063568 0.000000 1.000000
0.569305 0.063568 0.000000 1.000000
0.523117 0.063568 0.000000 1.000000
0.546265 0.139862 0.000000 1.000000
0.615540 0.139862 0.000000 1.000000
0.615540 0.139862 0.000000 1.000000
0.569305 0.063568 0.000000 1.000000
0.569305 0.063568 0.000000 1.000000
0.569305 0.063568 0.000000 1.000000
0.615540 0.139862 0.000000 1.000000
0.615540 0.139862 0.000000 1.000000
0.546265 0.139862 0.000000 1.000000
0.523117 0.063568 0.000000 1.000000
0.523117 0.063568 0.000000 1.000000
0.569305 0.063568 0.000000 1.000000
0.615540 0.139862 0.000000 1.000000
0.523117 0.063568 0.000000 1.000000
0.546265 0.139862 0.000000 1.000000
0.500076 0.139862 0.000000 1.000000
0.500076 0.139862 0.000000 1.000000
0.500015 0.063568 0.000000 1.000000
0.523117 0.063568 0.000000 1.000000
0.500107 0.190720 0.000000 1.000000
0.546295 0.190720 0.000000 1.000000
0.546265 0.139862 0.000000 1.000000
0.546265 0.139862 0.000000 1.000000
0.500076 0.139862 0.000000 1.000000
0.500107 0.190720 0.000000 1.000000
0.546295 0.190720 0.000000 1.000000
0.592499 0.241577 0.000000 1.000000
0.546265 0.139862 0.000000 1.000000
0.592499 0.241577 0.000000 1.000000
0.638672 0.241577 0.000000 1.000000
0.615540 0.139862 0.000000 1.000000
0.615540 0.139862 0.000000 1.000000
0.546265 0.139862 0.000000 1.000000
0.592499 0.241577 0.000000 1.000000
0.638672 0.241577 0.000000 1.000000
0.638672 0.241577 0.000000 1.000000
0.615540 0.139862 0.000000 1.000000
0.615540 0.139862 0.000000 1.000000
0.615540 0.139862 0.000000 1.000000
0.638672 0.241577 0.000000 1.000000
0.638672 0.241577 0.000000 1.000000
0.546112 0.241577 0.000000 1.000000
0.546265 0.139862 0.000000 1.000000
0.546265 0.139862 0.000000 1.000000
0.615540 0.139862 0.000000 1.000000
0.638672 0.241577 0.000000 1.000000
0.546265 0.139862 0.000000 1.000000
0.546112 0.241577 0.000000 1.000000
0.499908 0.241577 0.000000 1.000000
0.499908 0.241577 0.000000 1.000000
0.500076 0.139862 0.000000 1.000000
0.546265 0.139862 0.000000 1.000000
0.592499 0.317871 0.000000 1.000000
0.638672 0.305161 0.000000 1.000000
0.638672 0.241577 0.000000 1.000000
0.638672 0.241577 0.000000 1.000000
0.592499 0.241577 0.000000 1.000000
0.592499 0.317871 0.000000 1.000000
0.638672 0.305161 0.000000 1.000000
0.638672 0.305161 0.000000 1.000000
0.638672 0.241577 0.000000 1.000000
0.638672 0.241577 0.000000 1.000000
0.638672 0.241577 0.000000 1.000000
0.638672 0.305161 0.000000 1.000000
0.638550 0.381454 0.000000 1.000000
0.638672 0.305161 0.000000 1.000000
0.638672 0.305161 0.000000 1.000000
0.546112 0.241577 0.000000 1.000000
0.546112 0.406891 0.000000 1.000000
0.499908 0.406891 0.000000 1.000000
0.499908 0.406891 0.000000 1.000000
0.499908 0.241577 0.000000 1.000000
0.546112 0.241577 0.000000 1.000000
0.523239 0.406891 0.000000 1.000000
0.592468 0.419601 0.000000 1.000000
0.592499 0.317871 0.000000 1.000000
0.592468 0.419601 0.000000 1.000000
0.638672 0.305161 0.000000 1.000000
0.592499 0.317871 0.000000 1.000000
0.592468 0.419601 0.000000 1.000000
0.823456 0.387817 0.000000 1.000000
0.777252 0.305161 0.000000 1.000000
0.777252 0.305161 0.000000 1.000000
0.638672 0.305161 0.000000 1.000000
0.592468 0.419601 0.000000 1.000000
0.823456 0.419601 0.000000 1.000000
0.823456 0.387817 0.000000 1.000000
0.592468 0.419601 0.000000 1.000000
0.546112 0.406891 0.000000 1.000000
0.638550 0.381454 0.000000 1.000000
0.638504 0.406891 0.000000 1.000000
0.500107 0.508606 0.000000 1.000000
0.546265 0.508606 0.000000 1.000000
0.592468 0.419601 0.000000 1.000000
0.592468 0.419601 0.000000 1.000000
0.523239 0.406891 0.000000 1.000000
0.500107 0.508606 0.000000 1.000000
0.546265 0.508606 0.000000 1.000000
0.823456 0.508606 0.000000 1.000000
0.823456 0.419601 0.000000 1.000000
0.823456 0.419601 0.000000 1.000000
0.592468 0.419601 0.000000 1.000000
0.546265 0.508606 0.000000 1.000000
0.846527 0.413239 0.000000 1.000000
0.823456 0.387817 0.000000 1.000000
0.823456 0.419601 0.000000 1.000000
0.846527 0.413239 0.000000 1.000000
0.823395 0.406891 0.000000 1.000000
0.823456 0.387817 0.000000 1.000000
0.823456 0.508606 0.000000 1.000000
1.000000 0.550873 0.000000 1.000000
0.823456 0.419601 0.000000 1.000000
1.000000 0.550873 0.000000 1.000000
0.846527 0.413239 0.000000 1.000000
0.823456 0.419601 0.000000 1.000000
0.846527 0.413239 0.000000 1.000000
1.000000 0.550873 0.000000 1.000000
0.823395 0.406891 0.000000 1.000000
1.000000 0.550873 0.000000 1.000000
0.823380 0.521317 0.000000 1.000000
0.823395 0.406891 0.000000 1.000000
0.823380 0.521317 0.000000 1.000000
0.823380 0.521317 0.000000 1.000000
0.823395 0.406891 0.000000 1.000000
0.823395 0.406891 0.000000 1.000000
0.823395 0.406891 0.000000 1.000000
0.823380 0.521317 0.000000 1.000000
0.823456 0.610336 0.000000 1.000000
1.000000 0.550873 0.000000 1.000000
0.823456 0.508606 0.000000 1.000000
0.823395 0.635757 0.000000 1.000000
0.823380 0.521317 0.000000 1.000000
1.000000 0.550873 0.000000 1.000000
0.500000 0.746414 0.000000 1.000000
0.546265 0.508606 0.000000 1.000000
0.500107 0.508606 0.000000 1.000000
0.823395 0.635757 0.000000 1.000000
0.908630 0.719711 0.000000 1.000000
0.823288 0.699341 0.000000 1.000000
0.823288 0.699341 0.000000 1.000000
0.823380 0.521317 0.000000 1.000000
0.823395 0.635757 0.000000 1.000000
0.823395 0.635757 0.000000 1.000000
0.823380 0.521317 0.000000 1.000000
0.823380 0.521317 0.000000 1.000000
0.681992 0.867218 0.000000 1.000000
0.682007 0.740051 0.000000 1.000000
0.500000 0.746414 0.000000 1.000000
0.500000 0.746414 0.000000 1.000000
0.500000 0.867218 0.000000 1.000000
0.681992 0.867218 0.000000 1.000000
0.681992 0.867218 0.000000 1.000000
0.728210 0.867218 0.000000 1.000000
0.682007 0.740051 0.000000 1.000000
0.728210 0.867218 0.000000 1.000000
0.728210 0.714630 0.000000 1.000000
0.682007 0.740051 0.000000 1.000000
0.820602 0.867218 0.000000 1.000000
0.866791 0.786896 0.000000 1.000000
0.820602 0.714630 0.000000 1.000000
0.820602 0.867218 0.000000 1.000000
0.866776 0.867218 0.000000 1.000000
0.866791 0.786896 0.000000 1.000000
0.866776 0.867218 0.000000 1.000000
0.866791 0.786896 0.000000 1.000000
0.820602 0.714630 0.000000 1.000000
0.820602 0.714630 0.000000 1.000000
0.820602 0.867218 0.000000 1.000000
0.866776 0.867218 0.000000 1.000000
0.879593 0.835632 0.000000 1.000000
0.823288 0.699341 0.000000 1.000000
0.908630 0.719711 0.000000 1.000000
0.879593 0.835632 0.000000 1.000000
0.851486 0.867218 0.000000 1.000000
0.823288 0.699341 0.000000 1.000000
0.851486 0.867218 0.000000 1.000000
0.728210 0.867218 0.000000 1.000000
0.682007 0.740051 0.000000 1.000000
0.682007 0.740051 0.000000 1.000000
0.823288 0.699341 0.000000 1.000000
0.851486 0.867218 0.000000 1.000000
0.728210 0.867218 0.000000 1.000000
0.681992 0.867218 0.000000 1.000000
0.682007 0.740051 0.000000 1.000000
0.682007 0.740051 0.000000 1.000000
0.681992 0.867218 0.000000 1.000000
0.500000 0.867218 0.000000 1.000000
0.500000 0.968933 0.000000 1.000000
0.681961 0.968933 0.000000 1.000000
0.681992 0.867218 0.000000 1.000000
0.681992 0.867218 0.000000 1.000000
0.500000 0.867218 0.000000 1.000000
0.500000 0.968933 0.000000 1.000000
0.681961 0.968933 0.000000 1.000000
0.681961 0.968933 0.000000 1.000000
0.681992 0.867218 0.000000 1.000000
0.681961 0.968933 0.000000 1.000000
0.728210 0.968933 0.000000 1.000000
0.728210 0.867218 0.000000 1.000000
0.728210 0.867218 0.000000 1.000000
0.681992 0.867218 0.000000 1.000000
0.681961 0.968933 0.000000 1.000000
0.820602 0.968933 0.000000 1.000000
0.866776 0.968933 0.000000 1.000000
0.866776 0.867218 0.000000 1.000000
0.866776 0.867218 0.000000 1.000000
0.820602 0.867218 0.000000 1.000000
0.820602 0.968933 0.000000 1.000000
0.866776 0.968933 0.000000 1.000000
0.820602 0.968933 0.000000 1.000000
0.851486 0.867218 0.000000 1.000000
0.851486 0.867218 0.000000 1.000000
0.879593 0.835632 0.000000 1.000000
0.866776 0.968933 0.000000 1.000000
0.820602 0.968933 0.000000 1.000000
0.728210 0.968933 0.000000 1.000000
0.728210 0.867218 0.000000 1.000000
0.728210 0.867218 0.000000 1.000000
0.851486 0.867218 0.000000 1.000000
0.820602 0.968933 0.000000 1.000000
0.728210 0.968933 0.000000 1.000000
0.681961 0.968933 0.000000 1.000000
0.681992 0.867218 0.000000 1.000000
0.681992 0.867218 0.000000 1.000000
0.728210 0.867218 0.000000 1.000000
0.728210 0.968933 0.000000 1.000000
0.681961 0.968933 0.000000 1.000000
0.681961 0.968933 0.000000 1.000000
0.681992 0.867218 0.000000 1.000000
0.681992 0.867218 0.000000 1.000000
0.681961 0.968933 0.000000 1.000000
0.500000 0.968933 0.000000 1.000000
0.500000 0.968933 0.000000 1.000000
0.500000 0.867218 0.000000 1.000000
0.681992 0.867218 0.000000 1.000000
0.777252 0.305161 0.000000 1.000000
0.823456 0.387817 0.000000 1.000000
0.823456 0.387817 0.000000 1.000000
0.777252 0.305161 0.000000 1.000000
0.823456 0.387817 0.000000 1.000000
0.823395 0.406891 0.000000 1.000000
0.823395 0.406891 0.000000 1.000000
0.823395 0.406891 0.000000 1.000000
0.777252 0.305161 0.000000 1.000000
0.823456 0.387817 0.000000 1.000000
0.823456 0.419601 0.000000 1.000000
0.823456 0.387817 0.000000 1.000000
0.546265 0.508606 0.000000 1.000000
0.500000 0.746414 0.000000 1.000000
0.682007 0.740051 0.000000 1.000000
0.682007 0.740051 0.000000 1.000000
0.728210 0.714630 0.000000 1.000000
0.546265 0.508606 0.000000 1.000000
0.546265 0.508606 0.000000 1.000000
0.728210 0.714630 0.000000 1.000000
0.820602 0.714630 0.000000 1.000000
0.820602 0.714630 0.000000 1.000000
0.823456 0.508606 0.000000 1.000000
0.546265 0.508606 0.000000 1.000000
0.823456 0.508606 0.000000 1.000000
0.820602 0.714630 0.000000 1.000000
0.823456 0.610336 0.000000 1.000000
0.820602 0.714630 0.000000 1.000000
0.866791 0.786896 0.000000 1.000000
0.862473 0.719711 0.000000 1.000000
0.862473 0.719711 0.000000 1.000000
0.823456 0.610336 0.000000 1.000000
0.820602 0.714630 0.000000 1.000000
0.500000 0.867218 0.000000 1.000000
0.500000 0.740051 0.000000 1.000000
0.682007 0.740051 0.000000 1.000000
0.823380 0.521317 0.000000 1.000000
0.823288 0.699341 0.000000 1.000000
0.682007 0.740051 0.000000 1.000000
0.682007 0.740051 0.000000 1.000000
0.500000 0.740051 0.000000 1.000000
0.823380 0.521317 0.000000 1.000000
0.823380 0.521317 0.000000 1.000000
0.500000 0.740051 0.000000 1.000000
0.499908 0.521317 0.000000 1.000000
0.638672 0.241577 0.000000 1.000000
0.638672 0.305161 0.000000 1.000000
0.638550 0.381454 0.000000 1.000000
0.638550 0.381454 0.000000 1.000000
0.546112 0.406891 0.000000 1.000000
0.638672 0.241577 0.000000 1.000000
0.638672 0.241577 0.000000 1.000000
0.546112 0.406891 0.000000 1.000000
0.546112 0.241577 0.000000 1.000000
0.823380 0.521317 0.000000 1.000000
0.499908 0.521317 0.000000 1.000000
0.499908 0.406891 0.000000 1.000000
0.499908 0.406891 0.000000 1.000000
0.546112 0.406891 0.000000 1.000000
0.823380 0.521317 0.000000 1.000000
0.823380 0.521317 0.000000 1.000000
0.546112 0.406891 0.000000 1.000000
0.638504 0.406891 0.000000 1.000000
0.638504 0.406891 0.000000 1.000000
0.823395 0.406891 0.000000 1.000000
0.823380 0.521317 0.000000 1.000000
0.866776 0.867218 0.000000 1.000000
0.866776 0.968933 0.000000 1.000000
0.866776 0.968933 0.000000 1.000000
0.866776 0.968933 0.000000 1.000000
0.879593 0.835632 0.000000 1.000000
0.866776 0.867218 0.000000 1.000000
0.866791 0.786896 0.000000 1.000000
0.866776 0.867218 0.000000 1.000000
0.909149 0.838882 0.000000 1.000000
0.866791 0.786896 0.000000 1.000000
0.909149 0.838882 0.000000 1.000000
0.908630 0.719711 0.000000 1.000000
0.909149 0.838882 0.000000 1.000000
0.866776 0.867218 0.000000 1.000000
0.909164 0.889740 0.000000 1.000000
0.866776 0.867218 0.000000 1.000000
0.866776 0.968933 0.000000 1.000000
0.909149 1.000000 0.000000 1.000000
0.909149 1.000000 0.000000 1.000000
0.909164 0.889740 0.000000 1.000000
0.866776 0.867218 0.000000 1.000000
0.908630 0.719711 0.000000 1.000000
0.909149 0.838882 0.000000 1.000000
0.879593 0.835632 0.000000 1.000000
0.909149 0.838882 0.000000 1.000000
0.909149 1.000000 0.000000 1.000000
0.866776 0.968933 0.000000 1.000000
0.866776 0.968933 0.000000 1.000000
0.879593 0.835632 0.000000 1.000000
0.909149 0.838882 0.000000 1.000000
0.809433 0.968658 0.000000 1.000000
0.763229 0.928207 0.000000 1.000000
0.728210 0.968933 0.000000 1.000000
0.763229 0.928207 0.000000 1.000000
0.763229 0.877350 0.000000 1.000000
0.728210 0.867218 0.000000 1.000000
0.728210 0.867218 0.000000 1.000000
0.728210 0.968933 0.000000 1.000000
0.763229 0.928207 0.000000 1.000000
0.763229 0.877350 0.000000 1.000000
0.786331 0.802246 0.000000 1.000000
0.728210 0.714630 0.000000 1.000000
0.728210 0.714630 0.000000 1.000000
0.728210 0.867218 0.000000 1.000000
0.763229 0.877350 0.000000 1.000000
0.809433 0.802246 0.000000 1.000000
0.820602 0.714630 0.000000 1.000000
0.728210 0.714630 0.000000 1.000000
0.728210 0.714630 0.000000 1.000000
0.786331 0.802246 0.000000 1.000000
0.809433 0.802246 0.000000 1.000000
0.809433 0.802246 0.000000 1.000000
0.809433 0.968658 0.000000 1.000000
0.820602 0.968933 0.000000 1.000000
0.820602 0.968933 0.000000 1.000000
0.820602 0.867218 0.000000 1.000000
0.809433 0.802246 0.000000 1.000000
0.809433 0.802246 0.000000 1.000000
0.820602 0.867218 0.000000 1.000000
0.820602 0.714630 0.000000 1.000000
0.809433 0.968658 0.000000 1.000000
0.728210 0.968933 0.000000 1.000000
0.820602 0.968933 0.000000 1.000000
0.499969 0.000000 0.000000 1.000000
0.476868 0.063568 0.000000 1.000000
0.500015 0.063568 0.000000 1.000000
0.499969 0.000000 0.000000 1.000000
0.430679 0.063568 0.000000 1.000000
0.476868 0.063568 0.000000 1.000000
0.499969 0.000000 0.000000 1.000000
0.430679 0.063568 0.000000 1.000000
0.430679 0.063568 0.000000 1.000000
0.499969 0.000000 0.000000 1.000000
0.476868 0.063568 0.000000 1.000000
0.430679 0.063568 0.000000 1.000000
0.499969 0.000000 0.000000 1.000000
0.500015 0.063568 0.000000 1.000000
0.476868 0.063568 0.000000 1.000000
0.500015 0.063568 0.000000 1.000000
0.476868 0.063568 0.000000 1.000000
0.453705 0.139862 0.000000 1.000000
0.453705 0.139862 0.000000 1.000000
0.500076 0.139862 0.000000 1.000000
0.500015 0.063568 0.000000 1.000000
0.476868 0.063568 0.000000 1.000000
0.430679 0.063568 0.000000 1.000000
0.384445 0.139862 0.000000 1.000000
0.384445 0.139862 0.000000 1.000000
0.453705 0.139862 0.000000 1.000000
0.476868 0.063568 0.000000 1.000000
0.430679 0.063568 0.000000 1.000000
0.430679 0.063568 0.000000 1.000000
0.384445 0.139862 0.000000 1.000000
0.384445 0.139862 0.000000 1.000000
0.384445 0.139862 0.000000 1.000000
0.430679 0.063568 0.000000 1.000000
0.430679 0.063568 0.000000 1.000000
0.476868 0.063568 0.000000 1.000000
0.453705 0.139862 0.000000 1.000000
0.453705 0.139862 0.000000 1.000000
0.384445 0.139862 0.000000 1.000000
0.430679 0.063568 0.000000 1.000000
0.500015 0.063568 0.000000 1.000000
0.500076 0.139862 0.000000 1.000000
0.453705 0.139862 0.000000 1.000000
0.453705 0.139862 0.000000 1.000000
0.476868 0.063568 0.000000 1.000000
0.500015 0.063568 0.000000 1.000000
0.500076 0.139862 0.000000 1.000000
0.453705 0.139862 0.000000 1.000000
0.453690 0.190720 0.000000 1.000000
0.453690 0.190720 0.000000 1.000000
0.500107 0.190720 0.000000 1.000000
0.500076 0.139862 0.000000 1.000000
0.453705 0.139862 0.000000 1.000000
0.407486 0.241577 0.000000 1.000000
0.453690 0.190720 0.000000 1.000000
0.453705 0.139862 0.000000 1.000000
0.384445 0.139862 0.000000 1.000000
0.361313 0.241577 0.000000 1.000000
0.361313 0.241577 0.000000 1.000000
0.407486 0.241577 0.000000 1.000000
0.453705 0.139862 0.000000 1.000000
0.384445 0.139862 0.000000 1.000000
0.384445 0.139862 0.000000 1.000000
0.361313 0.241577 0.000000 1.000000
0.361313 0.241577 0.000000 1.000000
0.361313 0.241577 0.000000 1.000000
0.384445 0.139862 0.000000 1.000000
0.384445 0.139862 0.000000 1.000000
0.453705 0.139862 0.000000 1.000000
0.453873 0.241577 0.000000 1.000000
0.453873 0.241577 0.000000 1.000000
0.361313 0.241577 0.000000 1.000000
0.384445 0.139862 0.000000 1.000000
0.500076 0.139862 0.000000 1.000000
0.499908 0.241577 0.000000 1.000000
0.453873 0.241577 0.000000 1.000000
0.453873 0.241577 0.000000 1.000000
0.453705 0.139862 0.000000 1.000000
0.500076 0.139862 0.000000 1.000000
0.407486 0.241577 0.000000 1.000000
0.361313 0.241577 0.000000 1.000000
0.361313 0.305161 0.000000 1.000000
0.361313 0.305161 0.000000 1.000000
0.407486 0.317871 0.000000 1.000000
0.407486 0.241577 0.000000 1.000000
0.361313 0.241577 0.000000 1.000000
0.361313 0.241577 0.000000 1.000000
0.361313 0.305161 0.000000 1.000000
0.361313 0.305161 0.000000 1.000000
0.361313 0.305161 0.000000 1.000000
0.361313 0.241577 0.000000 1.000000
0.361313 0.305161 0.000000 1.000000
0.361313 0.305161 0.000000 1.000000
0.361435 0.381454 0.000000 1.000000
0.499908 0.241577 0.000000 1.000000
0.499908 0.406891 0.000000 1.000000
0.453873 0.406891 0.000000 1.000000
0.453873 0.406891 0.000000 1.000000
0.453873 0.241577 0.000000 1.000000
0.499908 0.241577 0.000000 1.000000
0.407486 0.317871 0.000000 1.000000
0.407516 0.419601 0.000000 1.000000
0.476746 0.406891 0.000000 1.000000
0.407486 0.317871 0.000000 1.000000
0.361313 0.305161 0.000000 1.000000
0.407516 0.419601 0.000000 1.000000
0.361313 0.305161 0.000000 1.000000
0.222733 0.305161 0.000000 1.000000
0.176529 0.387817 0.000000 1.000000
0.176529 0.387817 0.000000 1.000000
0.407516 0.419601 0.000000 1.000000
0.361313 0.305161 0.000000 1.000000
0.407516 0.419601 0.000000 1.000000
0.176529 0.387817 0.000000 1.000000
0.176529 0.419601 0.000000 1.000000
0.361481 0.406891 0.000000 1.000000
0.361435 0.381454 0.000000 1.000000
0.453873 0.406891 0.000000 1.000000
0.499908 0.406891 0.000000 1.000000
0.476746 0.406891 0.000000 1.000000
0.500107 0.508606 0.000000 1.000000
0.476746 0.406891 0.000000 1.000000
0.407516 0.419601 0.000000 1.000000
0.453720 0.508606 0.000000 1.000000
0.453720 0.508606 0.000000 1.000000
0.500107 0.508606 0.000000 1.000000
0.476746 0.406891 0.000000 1.000000
0.407516 0.419601 0.000000 1.000000
0.176529 0.419601 0.000000 1.000000
0.176529 0.508606 0.000000 1.000000
0.176529 0.508606 0.000000 1.000000
0.453720 0.508606 0.000000 1.000000
0.407516 0.419601 0.000000 1.000000
0.176529 0.419601 0.000000 1.000000
0.176529 0.387817 0.000000 1.000000
0.153458 0.413239 0.000000 1.000000
0.176529 0.387817 0.000000 1.000000
0.176590 0.406891 0.000000 1.000000
0.153458 0.413239 0.000000 1.000000
0.176529 0.419601 0.000000 1.000000
0.000000 0.550873 0.000000 1.000000
0.176529 0.508606 0.000000 1.000000
0.176529 0.419601 0.000000 1.000000
0.153458 0.413239 0.000000 1.000000
0.000000 0.550873 0.000000 1.000000
0.176590 0.406891 0.000000 1.000000
0.000000 0.550873 0.000000 1.000000
0.153458 0.413239 0.000000 1.000000
0.176590 0.406891 0.000000 1.000000
0.176605 0.521317 0.000000 1.000000
0.000000 0.550873 0.000000 1.000000
0.176590 0.406891 0.000000 1.000000
0.176590 0.406891 0.000000 1.000000
0.176605 0.521317 0.000000 1.000000
0.176605 0.521317 0.000000 1.000000
0.176605 0.521317 0.000000 1.000000
0.176590 0.406891 0.000000 1.000000
0.176529 0.508606 0.000000 1.000000
0.000000 0.550873 0.000000 1.000000
0.176529 0.610336 0.000000 1.000000
0.000000 0.550873 0.000000 1.000000
0.176605 0.521317 0.000000 1.000000
0.176590 0.635757 0.000000 1.000000
0.500107 0.508606 0.000000 1.000000
0.453720 0.508606 0.000000 1.000000
0.500000 0.746414 0.000000 1.000000
0.176605 0.521317 0.000000 1.000000
0.176605 0.521317 0.000000 1.000000
0.176697 0.699341 0.000000 1.000000
0.176697 0.699341 0.000000 1.000000
0.091354 0.719711 0.000000 1.000000
0.176605 0.521317 0.000000 1.000000
0.176605 0.521317 0.000000 1.000000
0.091354 0.719711 0.000000 1.000000
0.176590 0.635757 0.000000 1.000000
0.500000 0.867218 0.000000 1.000000
0.500000 0.746414 0.000000 1.000000
0.317978 0.740051 0.000000 1.000000
0.317978 0.740051 0.000000 1.000000
0.317993 0.867218 0.000000 1.000000
0.500000 0.867218 0.000000 1.000000
0.317978 0.740051 0.000000 1.000000
0.271774 0.867218 0.000000 1.000000
0.317993 0.867218 0.000000 1.000000
0.317978 0.740051 0.000000 1.000000
0.271774 0.714630 0.000000 1.000000
0.271774 0.867218 0.000000 1.000000
0.179382 0.714630 0.000000 1.000000
0.133194 0.786896 0.000000 1.000000
0.179382 0.867218 0.000000 1.000000
0.133194 0.786896 0.000000 1.000000
0.133209 0.867218 0.000000 1.000000
0.179382 0.867218 0.000000 1.000000
0.091354 0.719711 0.000000 1.000000
0.176697 0.699341 0.000000 1.000000
0.120392 0.835632 0.000000 1.000000
0.176697 0.699341 0.000000 1.000000
0.148499 0.867218 0.000000 1.000000
0.120392 0.835632 0.000000 1.000000
0.176697 0.699341 0.000000 1.000000
0.317978 0.740051 0.000000 1.000000
0.271774 0.867218 0.000000 1.000000
0.271774 0.867218 0.000000 1.000000
0.148499 0.867218 0.000000 1.000000
0.176697 0.699341 0.000000 1.000000
0.317978 0.740051 0.000000 1.000000
0.317993 0.867218 0.000000 1.000000
0.271774 0.867218 0.000000 1.000000
0.500000 0.867218 0.000000 1.000000
0.317993 0.867218 0.000000 1.000000
0.317978 0.740051 0.000000 1.000000
0.500000 0.867218 0.000000 1.000000
0.317993 0.867218 0.000000 1.000000
0.318024 0.968933 0.000000 1.000000
0.318024 0.968933 0.000000 1.000000
0.500000 0.968933 0.000000 1.000000
0.500000 0.867218 0.000000 1.000000
0.317993 0.867218 0.000000 1.000000
0.318024 0.968933 0.000000 1.000000
0.318024 0.968933 0.000000 1.000000
0.317993 0.867218 0.000000 1.000000
0.271774 0.867218 0.000000 1.000000
0.271774 0.968933 0.000000 1.000000
0.271774 0.968933 0.000000 1.000000
0.318024 0.968933 0.000000 1.000000
0.317993 0.867218 0.000000 1.000000
0.179382 0.867218 0.000000 1.000000
0.133209 0.867218 0.000000 1.000000
0.133209 0.968933 0.000000 1.000000
0.133209 0.968933 0.000000 1.000000
0.179382 0.968933 0.000000 1.000000
0.179382 0.867218 0.000000 1.000000
0.120392 0.835632 0.000000 1.000000
0.148499 0.867218 0.000000 1.000000
0.179382 0.968933 0.000000 1.000000
0.179382 0.968933 0.000000 1.000000
0.133209 0.968933 0.000000 1.000000
0.120392 0.835632 0.000000 1.000000
0.148499 0.867218 0.000000 1.000000
0.271774 0.867218 0.000000 1.000000
0.271774 0.968933 0.000000 1.000000
0.271774 0.968933 0.000000 1.000000
0.179382 0.968933 0.000000 1.000000
0.148499 0.867218 0.000000 1.000000
0.271774 0.867218 0.000000 1.000000
0.317993 0.867218 0.000000 1.000000
0.318024 0.968933 0.000000 1.000000
0.318024 0.968933 0.000000 1.000000
0.271774 0.968933 0.000000 1.000000
0.271774 0.867218 0.000000 1.000000
0.317993 0.867218 0.000000 1.000000
0.318024 0.968933 0.000000 1.000000
0.318024 0.968933 0.000000 1.000000
0.500000 0.867218 0.000000 1.000000
0.500000 0.968933 0.000000 1.000000
0.318024 0.968933 0.000000 1.000000
0.318024 0.968933 0.000000 1.000000
0.317993 0.867218 0.000000 1.000000
0.500000 0.867218 0.000000 1.000000
0.176529 0.387817 0.000000 1.000000
0.176529 0.387817 0.000000 1.000000
0.222733 0.305161 0.000000 1.000000
0.176590 0.406891 0.000000 1.000000
0.176590 0.406891 0.000000 1.000000
0.176529 0.387817 0.000000 1.000000
0.176529 0.387817 0.000000 1.000000
0.222733 0.305161 0.000000 1.000000
0.176590 0.406891 0.000000 1.000000
0.176529 0.387817 0.000000 1.000000
0.176529 0.419601 0.000000 1.000000
0.176529 0.387817 0.000000 1.000000
0.271774 0.714630 0.000000 1.000000
0.317978 0.740051 0.000000 1.000000
0.500000 0.746414 0.000000 1.000000
0.500000 0.746414 0.000000 1.000000
0.453720 0.508606 0.000000 1.000000
0.271774 0.714630 0.000000 1.000000
0.176529 0.508606 0.000000 1.000000
0.179382 0.714630 0.000000 1.000000
0.271774 0.714630 0.000000 1.000000
0.271774 0.714630 0.000000 1.000000
0.453720 0.508606 0.000000 1.000000
0.176529 0.508606 0.000000 1.000000
0.176529 0.610336 0.000000 1.000000
0.179382 0.714630 0.000000 1.000000
0.176529 0.508606 0.000000 1.000000
0.176529 0.610336 0.000000 1.000000
0.137512 0.719711 0.000000 1.000000
0.133194 0.786896 0.000000 1.000000
0.133194 0.786896 0.000000 1.000000
0.179382 0.714630 0.000000 1.000000
0.176529 0.610336 0.000000 1.000000
0.317978 0.740051 0.000000 1.000000
0.500000 0.740051 0.000000 1.000000
0.500000 0.867218 0.000000 1.000000
0.499908 0.521317 0.000000 1.000000
0.500000 0.740051 0.000000 1.000000
0.317978 0.740051 0.000000 1.000000
0.317978 0.740051 0.000000 1.000000
0.176697 0.699341 0.000000 1.000000
0.499908 0.521317 0.000000 1.000000
0.499908 0.521317 0.000000 1.000000
0.176697 0.699341 0.000000 1.000000
0.176605 0.521317 0.000000 1.000000
0.453873 0.241577 0.000000 1.000000
0.453873 0.406891 0.000000 1.000000
0.361435 0.381454 0.000000 1.000000
0.361435 0.381454 0.000000 1.000000
0.361313 0.305161 0.000000 1.000000
0.453873 0.241577 0.000000 1.000000
0.453873 0.241577 0.000000 1.000000
0.361313 0.305161 0.000000 1.000000
0.361313 0.241577 0.000000 1.000000
0.361481 0.406891 0.000000 1.000000
0.453873 0.406891 0.000000 1.000000
0.499908 0.406891 0.000000 1.000000
0.499908 0.406891 0.000000 1.000000
0.499908 0.521317 0.000000 1.000000
0.361481 0.406891 0.000000 1.000000
0.361481 0.406891 0.000000 1.000000
0.499908 0.521317 0.000000 1.000000
0.176605 0.521317 0.000000 1.000000
0.176605 0.521317 0.000000 1.000000
0.176590 0.406891 0.000000 1.000000
0.361481 0.406891 0.000000 1.000000
0.120392 0.835632 0.000000 1.000000
0.133209 0.968933 0.000000 1.000000
0.133209 0.968933 0.000000 1.000000
0.133209 0.968933 0.000000 1.000000
0.133209 0.867218 0.000000 1.000000
0.120392 0.835632 0.000000 1.000000
0.090836 0.838882 0.000000 1.000000
0.133209 0.867218 0.000000 1.000000
0.133194 0.786896 0.000000 1.000000
0.091354 0.719711 0.000000 1.000000
0.090836 0.838882 0.000000 1.000000
0.133194 0.786896 0.000000 1.000000
0.090820 0.889740 0.000000 1.000000
0.133209 0.867218 0.000000 1.000000
0.090836 0.838882 0.000000 1.000000
0.090820 0.889740 0.000000 1.000000
0.090836 1.000000 0.000000 1.000000
0.133209 0.968933 0.000000 1.000000
0.133209 0.968933 0.000000 1.000000
0.133209 0.867218 0.000000 1.000000
0.090820 0.889740 0.000000 1.000000
0.120392 0.835632 0.000000 1.000000
0.090836 0.838882 0.000000 1.000000
0.091354 0.719711 0.000000 1.000000
0.120392 0.835632 0.000000 1.000000
0.133209 0.968933 0.000000 1.000000
0.090836 1.000000 0.000000 1.000000
0.090836 1.000000 0.000000 1.000000
0.090836 0.838882 0.000000 1.000000
0.120392 0.835632 0.000000 1.000000
0.271774 0.968933 0.000000 1.000000
0.236755 0.928207 0.000000 1.000000
0.190552 0.968658 0.000000 1.000000
0.271774 0.968933 0.000000 1.000000
0.271774 0.867218 0.000000 1.000000
0.236755 0.877350 0.000000 1.000000
0.236755 0.877350 0.000000 1.000000
0.236755 0.928207 0.000000 1.000000
0.271774 0.968933 0.000000 1.000000
0.271774 0.867218 0.000000 1.000000
0.271774 0.714630 0.000000 1.000000
0.213654 0.802246 0.000000 1.000000
0.213654 0.802246 0.000000 1.000000
0.236755 0.877350 0.000000 1.000000
0.271774 0.867218 0.000000 1.000000
0.213654 0.802246 0.000000 1.000000
0.271774 0.714630 0.000000 1.000000
0.179382 0.714630 0.000000 1.000000
0.179382 0.714630 0.000000 1.000000
0.190552 0.802246 0.000000 1.000000
0.213654 0.802246 0.000000 1.000000
0.179382 0.714630 0.000000 1.000000
0.179382 0.867218 0.000000 1.000000
0.179382 0.968933 0.000000 1.000000
0.179382 0.968933 0.000000 1.000000
0.190552 0.968658 0.000000 1.000000
0.179382 0.714630 0.000000 1.000000
0.179382 0.714630 0.000000 1.000000
0.190552 0.968658 0.000000 1.000000
0.190552 0.802246 0.000000 1.000000
0.179382 0.968933 0.000000 1.000000
0.271774 0.968933 0.000000 1.000000
0.190552 0.968658 0.000000 1.000000
0.500885 0.235291 0.000000 1.000000
0.750580 0.235291 0.000000 1.000000
0.750290 0.000000 0.000000 1.000000
0.750290 0.000000 0.000000 1.000000
0.499969 0.000000 0.000000 1.000000
0.500885 0.235291 0.000000 1.000000
0.750580 0.235291 0.000000 1.000000
0.999985 0.235291 0.000000 1.000000
0.750290 0.000000 0.000000 1.000000
0.500961 0.588226 0.000000 1.000000
0.750656 0.588226 0.000000 1.000000
0.750580 0.235291 0.000000 1.000000
0.750580 0.235291 0.000000 1.000000
0.500885 0.235291 0.000000 1.000000
0.500961 0.588226 0.000000 1.000000
0.750656 0.588226 0.000000 1.000000
1.000000 0.588226 0.000000 1.000000
0.999985 0.235291 0.000000 1.000000
0.999985 0.235291 0.000000 1.000000
0.750580 0.235291 0.000000 1.000000
0.750656 0.588226 0.000000 1.000000
0.500809 1.000000 0.000000 1.000000
0.625656 1.000000 0.000000 1.000000
0.750656 0.588226 0.000000 1.000000
0.750656 0.588226 0.000000 1.000000
0.500961 0.588226 0.000000 1.000000
0.500809 1.000000 0.000000 1.000000
0.625656 1.000000 0.000000 1.000000
1.000000 0.588226 0.000000 1.000000
0.750656 0.588226 0.000000 1.000000
0.499969 0.000000 0.000000 1.000000
0.249695 0.000000 0.000000 1.000000
0.249405 0.235291 0.000000 1.000000
0.249405 0.235291 0.000000 1.000000
0.499100 0.235291 0.000000 1.000000
0.499969 0.000000 0.000000 1.000000
0.249695 0.000000 0.000000 1.000000
0.000000 0.235291 0.000000 1.000000
0.249405 0.235291 0.000000 1.000000
0.499100 0.235291 0.000000 1.000000
0.249405 0.235291 0.000000 1.000000
0.249329 0.588226 0.000000 1.000000
0.249329 0.588226 0.000000 1.000000
0.499023 0.588226 0.000000 1.000000
0.499100 0.235291 0.000000 1.000000
0.249405 0.235291 0.000000 1.000000
0.000000 0.235291 0.000000 1.000000
0.000000 0.588226 0.000000 1.000000
0.000000 0.588226 0.000000 1.000000
0.249329 0.588226 0.000000 1.000000
0.249405 0.235291 0.000000 1.000000
0.499023 0.588226 0.000000 1.000000
0.249329 0.588226 0.000000 1.000000
0.374329 0.999985 0.000000 1.000000
0.374329 0.999985 0.000000 1.000000
0.499176 0.999985 0.000000 1.000000
0.499023 0.588226 0.000000 1.000000
0.249329 0.588226 0.000000 1.000000
0.000000 0.588226 0.000000 1.000000
0.374329 0.999985 0.000000 1.000000
0.941986 1.000000 0.000000 1.000000
1.000000 0.860474 0.000000 1.000000
0.988632 0.773926 0.000000 1.000000
0.941986 1.000000 0.000000 1.000000
0.659744 0.201416 0.000000 1.000000
0.988632 0.773926 0.000000 1.000000
0.988632 0.773926 0.000000 1.000000
0.659744 0.201416 0.000000 1.000000
0.746964 0.000000 0.000000 1.000000
0.941986 1.000000 0.000000 1.000000
0.701843 0.400635 0.000000 1.000000
0.659744 0.201416 0.000000 1.000000
0.659760 0.141083 0.000000 1.000000
0.679047 0.400635 0.000000 1.000000
0.941986 1.000000 0.000000 1.000000
0.988632 0.773926 0.000000 1.000000
0.746964 0.000000 0.000000 1.000000
0.941986 1.000000 0.000000 1.000000
0.941986 1.000000 0.000000 1.000000
0.746964 0.000000 0.000000 1.000000
0.659760 0.141083 0.000000 1.000000
0.679047 0.400635 0.000000 1.000000
0.681168 0.560074 0.000000 1.000000
0.941986 1.000000 0.000000 1.000000
0.701843 0.400635 0.000000 1.000000
0.941986 1.000000 0.000000 1.000000
0.681168 0.560074 0.000000 1.000000
0.253021 0.000000 0.000000 1.000000
0.340240 0.201416 0.000000 1.000000
0.057999 1.000000 0.000000 1.000000
0.057999 1.000000 0.000000 1.000000
0.000000 0.860474 0.000000 1.000000
0.253021 0.000000 0.000000 1.000000
0.253021 0.000000 0.000000 1.000000
0.000000 0.860474 0.000000 1.000000
0.011353 0.773926 0.000000 1.000000
0.340240 0.201416 0.000000 1.000000
0.298141 0.400635 0.000000 1.000000
0.057999 1.000000 0.000000 1.000000
0.057999 1.000000 0.000000 1.000000
0.320938 0.400635 0.000000 1.000000
0.340210 0.141083 0.000000 1.000000
0.340210 0.141083 0.000000 1.000000
0.253021 0.000000 0.000000 1.000000
0.011353 0.773926 0.000000 1.000000
0.011353 0.773926 0.000000 1.000000
0.000000 0.860474 0.000000 1.000000
0.340210 0.141083 0.000000 1.000000
0.340210 0.141083 0.000000 1.000000
0.000000 0.860474 0.000000 1.000000
0.057999 1.000000 0.000000 1.000000
0.318817 0.560074 0.000000 1.000000
0.320938 0.400635 0.000000 1.000000
0.057999 1.000000 0.000000 1.000000
0.318817 0.560074 0.000000 1.000000
0.057999 1.000000 0.000000 1.000000
0.298141 0.400635 0.000000 1.000000
0.734848 0.314026 0.000000 1.000000
0.986740 0.981339 0.000000 1.000000
1.000000 0.863586 0.000000 1.000000
1.000000 0.863586 0.000000 1.000000
0.734833 0.000000 0.000000 1.000000
0.734848 0.314026 0.000000 1.000000
0.734833 0.994736 0.000000 1.000000
0.946960 1.000000 0.000000 1.000000
0.986740 0.981339 0.000000 1.000000
0.986740 0.981339 0.000000 1.000000
0.734848 0.314026 0.000000 1.000000
0.734833 0.994736 0.000000 1.000000
1.000000 0.863586 0.000000 1.000000
0.986740 0.981339 0.000000 1.000000
0.946960 1.000000 0.000000 1.000000
0.946960 1.000000 0.000000 1.000000
0.734833 0.994736 0.000000 1.000000
1.000000 0.863586 0.000000 1.000000
1.000000 0.863586 0.000000 1.000000
0.734833 0.994736 0.000000 1.000000
0.734833 0.000000 0.000000 1.000000
0.013245 0.981339 0.000000 1.000000
0.000000 0.863586 0.000000 1.000000
0.265152 0.000000 0.000000 1.000000
0.013245 0.981339 0.000000 1.000000
0.265137 0.314026 0.000000 1.000000
0.265152 0.000000 0.000000 1.000000
0.265137 0.314026 0.000000 1.000000
0.013245 0.981339 0.000000 1.000000
0.053024 1.000000 0.000000 1.000000
0.053024 1.000000 0.000000 1.000000
0.265152 0.994736 0.000000 1.000000
0.265137 0.314026 0.000000 1.000000
0.265152 0.000000 0.000000 1.000000
0.265152 0.994736 0.000000 1.000000
0.053024 1.000000 0.000000 1.000000
0.053024 1.000000 0.000000 1.000000
0.013245 0.981339 0.000000 1.000000
0.265152 0.000000 0.000000 1.000000
0.714462 0.000000 0.000000 1.000000
0.928802 0.000000 0.000000 1.000000
1.000000 0.999985 0.000000 1.000000
1.000000 0.999985 0.000000 1.000000
0.714203 1.000000 0.000000 1.000000
0.714462 0.000000 0.000000 1.000000
0.714462 0.000000 0.000000 1.000000
0.714203 1.000000 0.000000 1.000000
0.714294 0.750000 0.000000 1.000000
0.000000 1.000000 0.000000 1.000000
0.285782 0.999985 0.000000 1.000000
0.285690 0.750000 0.000000 1.000000
0.285690 0.750000 0.000000 1.000000
0.071182 0.000000 0.000000 1.000000
0.000000 1.000000 0.000000 1.000000
0.285522 0.000000 0.000000 1.000000
0.071182 0.000000 0.000000 1.000000
0.285690 0.750000 0.000000 1.000000
0.919510 1.000000 0.000000 1.000000
0.817535 0.999985 0.000000 1.000000
0.766510 0.999985 0.000000 1.000000
0.766510 0.999985 0.000000 1.000000
0.970474 0.999985 0.000000 1.000000
0.919510 1.000000 0.000000 1.000000
0.970474 0.999985 0.000000 1.000000
0.970474 0.999985 0.000000 1.000000
0.766510 0.999985 0.000000 1.000000
0.766510 0.999985 0.000000 1.000000
0.919510 1.000000 0.000000 1.000000
0.970474 0.999985 0.000000 1.000000
0.817535 0.999985 0.000000 1.000000
0.919510 1.000000 0.000000 1.000000
0.766510 0.999985 0.000000 1.000000
0.766510 0.999985 0.000000 1.000000
0.766510 0.999985 0.000000 1.000000
0.817535 0.999985 0.000000 1.000000
0.810959 0.000000 0.000000 1.000000
0.817535 0.999985 0.000000 1.000000
0.766510 0.999985 0.000000 1.000000
0.766510 0.999985 0.000000 1.000000
0.748016 0.000000 0.000000 1.000000
0.810959 0.000000 0.000000 1.000000
0.936905 0.000000 0.000000 1.000000
0.919510 1.000000 0.000000 1.000000
0.817535 0.999985 0.000000 1.000000
0.817535 0.999985 0.000000 1.000000
0.810959 0.000000 0.000000 1.000000
0.936905 0.000000 0.000000 1.000000
0.999924 0.000000 0.000000 1.000000
0.970474 0.999985 0.000000 1.000000
0.919510 1.000000 0.000000 1.000000
0.919510 1.000000 0.000000 1.000000
0.936905 0.000000 0.000000 1.000000
0.999924 0.000000 0.000000 1.000000
0.999924 0.000000 0.000000 1.000000
0.970474 0.999985 0.000000 1.000000
0.970474 0.999985 0.000000 1.000000
0.970474 0.999985 0.000000 1.000000
0.999924 0.000000 0.000000 1.000000
0.999924 0.000000 0.000000 1.000000
0.936905 0.000000 0.000000 1.000000
0.919510 1.000000 0.000000 1.000000
0.970474 0.999985 0.000000 1.000000
0.970474 0.999985 0.000000 1.000000
0.999924 0.000000 0.000000 1.000000
0.936905 0.000000 0.000000 1.000000
0.810959 0.000000 0.000000 1.000000
0.817535 0.999985 0.000000 1.000000
0.919510 1.000000 0.000000 1.000000
0.919510 1.000000 0.000000 1.000000
0.936905 0.000000 0.000000 1.000000
0.810959 0.000000 0.000000 1.000000
0.748016 0.000000 0.000000 1.000000
0.766510 0.999985 0.000000 1.000000
0.817535 0.999985 0.000000 1.000000
0.817535 0.999985 0.000000 1.000000
0.810959 0.000000 0.000000 1.000000
0.748016 0.000000 0.000000 1.000000
0.748016 0.000000 0.000000 1.000000
0.766510 0.999985 0.000000 1.000000
0.766510 0.999985 0.000000 1.000000
0.766510 0.999985 0.000000 1.000000
0.748016 0.000000 0.000000 1.000000
0.748016 0.000000 0.000000 1.000000
0.080597 0.999985 0.000000 1.000000
0.182571 0.999985 0.000000 1.000000
0.233536 0.999985 0.000000 1.000000
0.233536 0.999985 0.000000 1.000000
0.029572 0.999985 0.000000 1.000000
0.080597 0.999985 0.000000 1.000000
0.029572 0.999985 0.000000 1.000000
0.029572 0.999985 0.000000 1.000000
0.233536 0.999985 0.000000 1.000000
0.233536 0.999985 0.000000 1.000000
0.080597 0.999985 0.000000 1.000000
0.029572 0.999985 0.000000 1.000000
0.182571 0.999985 0.000000 1.000000
0.080597 0.999985 0.000000 1.000000
0.233536 0.999985 0.000000 1.000000
0.233536 0.999985 0.000000 1.000000
0.233536 0.999985 0.000000 1.000000
0.182571 0.999985 0.000000 1.000000
0.251968 0.000000 0.000000 1.000000
0.233536 0.999985 0.000000 1.000000
0.182571 0.999985 0.000000 1.000000
0.182571 0.999985 0.000000 1.000000
0.189026 0.000000 0.000000 1.000000
0.251968 0.000000 0.000000 1.000000
0.189026 0.000000 0.000000 1.000000
0.182571 0.999985 0.000000 1.000000
0.080597 0.999985 0.000000 1.000000
0.080597 0.999985 0.000000 1.000000
0.063080 0.000000 0.000000 1.000000
0.189026 0.000000 0.000000 1.000000
0.063080 0.000000 0.000000 1.000000
0.080597 0.999985 0.000000 1.000000
0.029572 0.999985 0.000000 1.000000
0.029572 0.999985 0.000000 1.000000
0.000061 0.000000 0.000000 1.000000
0.063080 0.000000 0.000000 1.000000
0.000061 0.000000 0.000000 1.000000
0.029572 0.999985 0.000000 1.000000
0.029572 0.999985 0.000000 1.000000
0.029572 0.999985 0.000000 1.000000
0.000061 0.000000 0.000000 1.000000
0.000061 0.000000 0.000000 1.000000
0.000061 0.000000 0.000000 1.000000
0.029572 0.999985 0.000000 1.000000
0.080597 0.999985 0.000000 1.000000
0.080597 0.999985 0.000000 1.000000
0.063080 0.000000 0.000000 1.000000
0.000061 0.000000 0.000000 1.000000
0.063080 0.000000 0.000000 1.000000
0.080597 0.999985 0.000000 1.000000
0.182571 0.999985 0.000000 1.000000
0.182571 0.999985 0.000000 1.000000
0.189026 0.000000 0.000000 1.000000
0.063080 0.000000 0.000000 1.000000
0.189026 0.000000 0.000000 1.000000
0.182571 0.999985 0.000000 1.000000
0.233536 0.999985 0.000000 1.000000
0.233536 0.999985 0.000000 1.000000
0.251968 0.000000 0.000000 1.000000
0.189026 0.000000 0.000000 1.000000
0.251968 0.000000 0.000000 1.000000
0.233536 0.999985 0.000000 1.000000
0.233536 0.999985 0.000000 1.000000
0.233536 0.999985 0.000000 1.000000
0.251968 0.000000 0.000000 1.000000
0.251968 0.000000 0.000000 1.000000
0.509293 0.110291 0.000000 1.000000
0.705917 0.110291 0.000000 1.000000
0.616501 0.795639 0.000000 1.000000
0.616501 0.795639 0.000000 1.000000
-0.026825 0.795639 0.000000 1.000000
0.509293 0.110291 0.000000 1.000000
-0.026825 0.795639 0.000000 1.000000
0.509293 0.110291 0.000000 1.000000
-0.026825 0.795639 0.000000 1.000000
0.263519 0.795624 0.000000 1.000000
0.509293 0.110291 0.000000 1.000000
-0.026825 0.795639 0.000000 1.000000
0.263519 0.795624 0.000000 1.000000
0.460144 0.795624 0.000000 1.000000
0.607605 0.110291 0.000000 1.000000
0.607605 0.110291 0.000000 1.000000
0.509293 0.110291 0.000000 1.000000
0.263519 0.795624 0.000000 1.000000
0.616501 0.795639 0.000000 1.000000
0.705917 0.110291 0.000000 1.000000
0.607605 0.110291 0.000000 1.000000
0.607605 0.110291 0.000000 1.000000
0.460144 0.795624 0.000000 1.000000
0.616501 0.795639 0.000000 1.000000
-0.026825 0.795639 0.000000 1.000000
0.616501 0.795639 0.000000 1.000000
0.705917 0.110291 0.000000 1.000000
0.705917 0.110291 0.000000 1.000000
0.509293 0.110291 0.000000 1.000000
-0.026825 0.795639 0.000000 1.000000
-0.026825 0.795639 0.000000 1.000000
0.509293 0.110291 0.000000 1.000000
-0.026825 0.795639 0.000000 1.000000
-0.026825 0.795639 0.000000 1.000000
0.509293 0.110291 0.000000 1.000000
0.263519 0.795624 0.000000 1.000000
0.509293 0.110291 0.000000 1.000000
0.607605 0.110291 0.000000 1.000000
0.460144 0.795624 0.000000 1.000000
0.460144 0.795624 0.000000 1.000000
0.263519 0.795624 0.000000 1.000000
0.509293 0.110291 0.000000 1.000000
0.460144 0.795624 0.000000 1.000000
0.607605 0.110291 0.000000 1.000000
0.705917 0.110291 0.000000 1.000000
0.705917 0.110291 0.000000 1.000000
0.616501 0.795639 0.000000 1.000000
0.460144 0.795624 0.000000 1.000000
