0101000001000000000000000000000000000000000001010010000000000000  
0101000111100000000000000000000000000000000000000010000000000000  
0100100000000111100000000000000000000000000000100011110110000000  
0101000111100000000000000000000000000000000000000010000000000000  
0100100000000111100000000000000000000000000000101011110110000000  
0101000111100000000111111100000000000000000000000010000000000000  
0100100000000111100000000000000000000000000000110011110110000000  
0101000111100000001000001001000000000000000000000010000000000000  
0100100000000111100000000000000000000000000000111011110110000000  
0101000010000000000000000000000000000000000000000010000000000000  
0101000111000010000000000000000000000000000000000010000000000000  
0011101000010000000000000011011000110110000000000011111110000000  
0101000001100001000000000000000000000000000011001010000000000000  
1000000001100001100000000011011000000000000000000010000110000000  
1111110010000000000000000000000000000000000000000000000000000000  
0100100001101000000000000000000000000000000000000011110110000000  
0101000010100000000000000000000000000000000000001010000000000000  
0101000011000000000000000000000000000000000000000010000000000000  
0101000011100000000000000000000000000000000000011010000000000000  
1000000011100111000011100011011000000000000000000010000110000000  
0100000011100011100000000000000000000000000000000011110110000000  
0101000001100001000000000000000000000000000011101010000000000000  
1000000001100001100000000011011000000000000000000010000110000000  
1111110010000000000000000000000000000000000000000000000000000000  
0100100001100011100000000000000000000000000000000011110110000000  
0101000011100000000000000000000000000000000000010010000000000000  
1000000011100111000011100011011000000000000000000010000110000000  
0100000011100011100000000000000000000000000000000011110110000000  
0101000001100001000000000000000000000000000011100010000000000000  
1000000001100001100000000011011000000000000000000010000110000000  
1111110010000000000000000000000000000000000000000000000000000000  
0100100001100011100000000000000000000000000000000011110110000000  
1000000111000111000010100011011000000000000000000010000110000000  
0100000111000111000000000000000000000000000000000011110110000000  
0101000010000000000000000000000000000000000000000010000000000000  
1000000010000010000011000011011000000000000000000010000110000000  
0100000010000010000000000000000000000000000000000011110110000000  
0101000001100001000000000000000000000000000011011010000000000000  
1000000001100001100000000011011000000000000000000010000110000000  
1111110010000000000000000000000000000000000000000000000000000000  
0100100001100010000000000000000000000000000000000011110110000000  
0101000001100001000000000000000000000000000011101010000000000000  
1000000111100001100000000011011000000000000000000010000110000000  
0100000111100111100000000000000000000000000000000011110110000000  
0101000001100001000000000000000000000000000011100010000000000000  
1000001000000001100000000011011000000000000000000010000110000000  
0100001000001000000000000000000000000000000000000011110110000000  
0011101000100111000000000011011000110110001101100011111110000000  
0101000001100001000000000000000000000000000011011010000000000000  
1000001001000001100000000011011000000000000000000010000110000000  
0100001001001001000000000000000000000000000000000011110110000000  
0011100001100111100000000011011000110000000000000000010110000000  
0011100001101000000000000011011000100110000000000000100110000000  
0011100001101000100000000011011000010110000000000001000110000000  
0011100001101001000000000011011000110110000000000010000110000000  
0011101000000001100000000011011000110110000000000011110110000000  
0101000001100001000000000000000000000000000011000010000000000000  
1000000001100001100000000011011000000000000000000010000110000000  
1111110010000000000000000000000000000000000000000000000000000000  
0100100001101000000000000000000000000000000000000011110110000000  
0101000001100001000000000000000000000000000011101010000000000000  
1000000111100001100000000011011000000000000000000010000110000000  
0100000111100111100000000000000000000000000000000011110110000000  
0101000001100001000000000000000000000000000011100010000000000000  
1000001000000001100000000011011000000000000000000010000110000000  
0100001000001000000000000000000000000000000000000011110110000000  
0011101000100111000000000011011000110110001101100011111110000000  
0101000001100001000000000000000000000000000011011010000000000000  
1000001001000001100000000011011000000000000000000010000110000000  
0100001001001001000000000000000000000000000000000011110110000000  
0011100001100111100000000011011000110010000000000000010110000000  
0011100001101000000000000011011000101110000000000000100110000000  
0011100001101000100000000011011000110110000000000001000110000000  
0011100001101001000000000011011010110110000000000010000110000000  
0011101000000001100000000011011000110110000000000011110110000000  
0101000001100001000000000000000000000000000010111010000000000000  
1000000001100001100000000011011000000000000000000010000110000000  
1111110010000000000000000000000000000000000000000000000000000000  
0100100001101000000000000000000000000000000000000011110110000000  
0101000010000000000000000000000000000000000000000010000000000000  
0100000001100010000000000000000000000000000000101010000110000000  
0011100010000001100000000011011000110110001101100010001110000000  
1111110010000000000000000000000000000000000000000000000000000000  
0100100001000010000000000000000000000000000010110010000110000000  
0101000001100001000000000000000000000000000011101010000000000000  
1000000111100001100000000011011000000000000000000010000110000000  
0100000111100111100000000000000000000000000000000011110110000000  
0101000001100001000000000000000000000000000011100010000000000000  
1000001000000001100000000011011000000000000000000010000110000000  
0100001000001000000000000000000000000000000000000011110110000000  
0011101000100111000000000011011000110110001101100011111110000000  
0101000001100001000000000000000000000000000011011010000000000000  
1000001001000001100000000011011000000000000000000010000110000000  
0100001001001001000000000000000000000000000000000011110110000000  
0011100001100111100000000011011000110100000000000000010110000000  
0011100001101000000000000011011000110110000000000000100110000000  
0011100001101000100000000011011001010110000000000001000110000000  
0011100001101001000000000011011100110110000000000010000110000000  
0011101000000001100000000011011000110110000000000011110110000000  
0101000001100001000000000000000000000000000010101010000000000000  
1000000001100001100000000011011000000000000000000010000110000000  
1111110010000000000000000000000000000000000000000000000000000000  
0100100001101000000000000000000000000000000000000011110110000000  
0101000010100000000000000000000000000000000000000010000000000000  
0100000001100010100000000000000000000000000000110010000110000000  
0011100010100001100000000011011000110110001101100010001110000000  
1111110010000000000000000000000000000000000000000000000000000000  
0100100001000010100000000000000000000000000010100010000110000000  
0101000001100001000000000000000000000000000011101010000000000000  
1000000111100001100000000011011000000000000000000010000110000000  
0100000111100111100000000000000000000000000000000011110110000000  
0101000001100001000000000000000000000000000011100010000000000000  
1000001000000001100000000011011000000000000000000010000110000000  
0100001000001000000000000000000000000000000000000011110110000000  
0011101000100111000000000011011000110110001101100011111110000000  
0101000001100001000000000000000000000000000011011010000000000000  
1000001001000001100000000011011000000000000000000010000110000000  
0100001001001001000000000000000000000000000000000011110110000000  
0011100001100111100000000011011000110110000000000000010110000000  
0011100001101000000000000011011000111110000000000000100110000000  
0011100001101000100000000011011001110110000000000001000110000000  
0011100001101001000000000011011110110110000000000010000110000000  
0011101000000001100000000011011000110110000000000011110110000000  
0101000001100001000000000000000000000000000011101010000000000000  
1000000001100001100000000011011000000000000000000010000110000000  
1111110010000000000000000000000000000000000000000000000000000000  
0100100001101000000000000000000000000000000000000011110110000000  
0101000011000001000000000000000000000000000011111010000000000000  
1111110010000000000000000000000000000000000000000000000000000000  
0100100001000011000000000000000000000000000011100011110110000000  
0011101000010000100000000011011000110110000000000011111110000000  
0011100111001000000000000011011000110110001101100011111110000000  
0011101000000000000000000011011000110110000000000011110110000000  
0011101010001000000000000011011000110110001101100011111110000000  
0101000011100000000000000000000000000000000000000010000000000000  
0100000001100011100000000000000000000000000000111010000110000000  
0011100011100001100000000011011000110110001101100010001110000000  
1111110010000000000000000000000000000000000000000000000000000000  
0100100001000011100000000000000000000000000011011010000110000000  
0011100111100111000000000011011000110110001101100011111110000000  
0101000001100001000000000000000000000000000011101010000000000000  
1000001000000001100000000011011000000000000000000010000110000000  
0100001000001000000000000000000000000000000000000011110110000000  
0101000001100001000000000000000000000000000010101010000000000000  
1000001000100001100000000011011000000000000000000010000110000000  
0100001000101000100000000000000000000000000000000011110110000000  
0101000001100001000000000000000000000000000010111010000000000000  
1000001001000001100000000011011000000000000000000010000110000000  
0100001001001001000000000000000000000000000000000011110110000000  
0101000001100001000000000000000000000000000011000010000000000000  
1000001001100001100000000011011000000000000000000010000110000000  
0100001001101001100000000000000000000000000000000011110110000000  
1001101010000111101000000011011000110110001101100000011110000000  
1001101010000111101000100011011000110110001101100000101110000000  
1001101010000111101001000011011000110110001101100001001110000000  
1001101010000111101001100011011000110110001101100010001110000000  
0011101000001010000000000011011000110110000000000011111110000000  
0101000001100001000000000000000000000000000011101010000000000000  
1000000001100001100000000011011000000000000000000010000110000000  
1111110010000000000000000000000000000000000000000000000000000000  
0100100001101000000000000000000000000000000000000011110110000000  
0101000010000000011111111111111111111111111111111010000000000000  
0100000001100010011111111111111111111111111111111010000110000000  
0011100010100001100000000011011000110110001101100010001110000000  
0101000001100001000000000000000000000000000011101010000000000000  
1000000100000001100000000011011000000000000000000010000110000000  
0100000100000100000000000000000000000000000000000011110110000000  
0100000011000001000000000000000000000000000011100010000110000000  
1000000001100000000011000011011000000000000000000010000110000000  
1111110010000000000000000000000000000000000000000000000000000000  
0100100001100100000000000000000000000000000000000011110110000000  
0100000001100001000000000000000000000000000010110010000110000000  
0011100011000001100000000011011000110110001101100010001110000000  
1000100010100010100011000011011000000000000000000010001110000000  
0100000001100001000000000000000000000000000010100010000110000000  
0011100011000001100000000011011000110110001101100010001110000000  
1000000010100010100011000011011000000000000000000010001110000000  
1111110010000000000000000000000000000000000000000000000000000000  
0100100010000010111111111111111111111111111111111010000110000000  
0100000001100001000000000000000000000000000011111000010110000000  
0011100111000001100000000011011110110110001101100010001110000000  
0101000010000001000000000000000000000000000011110010000000000000  
1111110010000000000000000000000000000000000000000000000000000000  
0100100001000010000000000000000000000000000011100011110110000000  
0101000001100001000000000000000000000000000011001010000000000000  
1000000111100001100000000011011000000000000000000010000110000000  
0100000111100111100000000000000000000000000000000011110110000000  
0011110000100111100000000011011000110110000000000011111110000000  
0100000001100001000000000000000000000000000011011010000110000000  
0011100011100001100000000011011000110110001101100010001110000000  
1000100111000111000011100011011000000000000000000010001110000000  
0011101000000000000000000011011000110110000000000011110110000000  
0101000001100001000000000000000000000000000011011010000000000000  
1000000001100001100000000011011000000000000000000010000110000000  
1111110010000000000000000000000000000000000000000000000000000000  
0100100001101000000000000000000000000000000000000011110110000000  
1111110010000000000000000000000000000000000000000000000000000000  
0100100001000111000000000000000000000000000011110010000110000000  
0100000010000001000000000000000000000000000011100010000110000000  
1000000111000000000010000011011000000000000000000010000110000000  
0100000111000111000000000000000000000000000000000011110110000000  
0011101000000000000000000011011000110110000000000011110110000000  
0011101000101000000000000011011000110110001101100011111110000000  
0101000001100001000000000000000000000000000011101010000000000000  
1000000100000001100000000011011000000000000000000010000110000000  
0100000100000100000000000000000000000000000000000011110110000000  
0011100001100100000000000011011110110110001101100010001110000000  
1111110010000000000000000000000000000000000000000000000000000000  
0011100001100100000000000011011000001100001101100001111110000000  
1111110010000000000000000000000000000000000000000000000000000000  
0011100010000001100000000011011000110110001101100011111110000000  
0011100001100010000000000011011011011110001101100011101110000000  
1111110010000000000000000000000000000000000000000000000000000000  
0011100001100111000000000011011000110000001101100000011110000000  
1111110010000000000000000000000000000000000000000000000000000000  
0011100111100001100000000011011000110110001101100011111110000000  
0101000001100001000000000000000000000000000011011010000000000000  
1000001000000001100000000011011000000000000000000010000110000000  
0100001000001000000000000000000000000000000000000011110110000000  
0101001000000000000111100001000111101011100001010010001110000000  
1101100111101000000000000000000101111111100000000100001110000000  
0101000111100000000111100001000111101011100001010000011110000000  
0011101000000111100000000011011110110110000000000010001110000000  
0001001000001000000000000011011000110110000000000011111000000000  
0011101000101000000000000011011000110110000000000011111110000000  
1000100111100111101000000000000000110110001101100011111110000000  
0101000111100111100111111100000000000000000000000011001100000000  
0101001000000000001000011000000000000000000000000010001000000000  
0101001000000000001000011000000000000000000000000001001010000000  
1000100111100111101000000000000000110110001101100011001010000000  
0101001000000000000000000000000000000000000000000010001000000000  
0101001000000000000000000000000000000000000000000001001010000000  
1000000111100111101000000000000000110110001101100011001010000000  
0101001000000000000111111100000000000000000000000000101110000000  
0101001000000000000111111100000000000000000000000000011110000000  
1000101000000111101000000000000000110110001101100000111110000000  
1000000111101000001000000000000000110110001111100000101110000000  
0101001000000000000111111000000000000000000000000010001010000000  
1000100111100111101000000000000000110110001001100000101110000000  
0011100111101000100000000011011000110110000000000000010110000000  
0011110000000111100000000011011000110110000000000011110110000000  
0111000000000000000000000000000000000000000000000000000000000000  
