---------------------------------------------------
times:0.000000

ami:0.000000 0.000000 0.000000 0.000000 0.000000 0.000000 0.000000

wl:0.000000 0.000000 0.000000 0.000000 0.000000 0.000000 0.000000

qq:0.000000 0.000000 0.000000 0.000000 0.000000 0.000000 0.000000

dirx:0.000000 0.000000 0.000000 0.000000 0.000000 0.000000 0.000000

diry:0.000000 0.000000 0.000000 0.000000 0.000000 0.000000 0.000000

s:0.000000

shaderr:1.000000

lightPosition:0 0 0

---------------------------------------------------
times:0.000000

ami:0.000000 0.000000 0.000000 0.000000 0.000000 0.000000 0.000000

wl:0.000000 0.000000 0.000000 0.000000 0.000000 0.000000 0.000000

qq:0.000000 0.000000 0.000000 0.000000 0.000000 0.000000 0.000000

dirx:0.000000 0.000000 0.000000 0.000000 0.000000 0.000000 0.000000

diry:0.000000 0.000000 0.000000 0.000000 0.000000 0.000000 0.000000

s:0.000000

shaderr:1.000000

lightPosition:0 0 0

---------------------------------------------------
times:0.000000

ami:0.000000 0.000000 0.000000 0.000000 0.000000 0.000000 0.000000

wl:0.000000 0.000000 0.000000 0.000000 0.000000 0.000000 0.000000

qq:0.000000 0.000000 0.000000 0.000000 0.000000 0.000000 0.000000

dirx:0.000000 0.000000 0.000000 0.000000 0.000000 0.000000 0.000000

diry:0.000000 0.000000 0.000000 0.000000 0.000000 0.000000 0.000000

s:0.000000

shaderr:1.000000

lightPosition:0 0 0

---------------------------------------------------
times:0.000000

ami:0.000000 0.000000 0.000000 0.000000 0.000000 0.000000 0.000000

wl:0.000000 0.000000 0.000000 0.000000 0.000000 0.000000 0.000000

qq:0.000000 0.000000 0.000000 0.000000 0.000000 0.000000 0.000000

dirx:0.000000 0.000000 0.000000 0.000000 0.000000 0.000000 0.000000

diry:0.000000 0.000000 0.000000 0.000000 0.000000 0.000000 0.000000

s:0.000000

shaderr:1.000000

lightPosition:0 0 0

---------------------------------------------------
times:0.000000

ami:0.000000 0.000000 0.000000 0.000000 0.000000 0.000000 0.000000

wl:0.000000 0.000000 0.000000 0.000000 0.000000 0.000000 0.000000

qq:0.000000 0.000000 0.000000 0.000000 0.000000 0.000000 0.000000

dirx:0.000000 0.000000 0.000000 0.000000 0.000000 0.000000 0.000000

diry:0.000000 0.000000 0.000000 0.000000 0.000000 0.000000 0.000000

s:0.000000

shaderr:1.000000

lightPosition:0 0 0

---------------------------------------------------
times:0.000000

ami:0.000000 0.000000 0.000000 0.000000 0.000000 0.000000 0.000000

wl:0.000000 0.000000 0.000000 0.000000 0.000000 0.000000 0.000000

qq:0.000000 0.000000 0.000000 0.000000 0.000000 0.000000 0.000000

dirx:0.000000 0.000000 0.000000 0.000000 0.000000 0.000000 0.000000

diry:0.000000 0.000000 0.000000 0.000000 0.000000 0.000000 0.000000

s:0.000000

shaderr:1.000000

lightPosition:0 0 0

