***************************************************
vertex:
159.846191, 157.124023, 0.960999, 0.394669
160.844727, 157.124023, 0.960999, 0.394669
159.848633, 153.295898, 0.962006, 0.384705
***************************************************
vertex:
160.844727, 157.124023, 0.960999, 0.394669
162.846680, 156.123047, 0.960999, 0.394669
159.848633, 153.295898, 0.962006, 0.384705
***************************************************
vertex:
162.846680, 156.123047, 0.960999, 0.394669
162.844238, 153.120117, 0.960999, 0.394669
159.848633, 153.295898, 0.962006, 0.384705
***************************************************
vertex:
162.844238, 153.120117, 0.960999, 0.394669
160.839844, 151.123047, 0.960999, 0.394669
159.848633, 153.295898, 0.962006, 0.384705
***************************************************
vertex:
160.839844, 151.123047, 0.960999, 0.394669
159.841309, 151.123047, 0.960999, 0.394669
159.848633, 153.295898, 0.962006, 0.384705
***************************************************
vertex:
159.846191, 161.159668, 0.959732, 0.407333
161.906738, 161.159668, 0.959732, 0.407333
160.844727, 157.124023, 0.960999, 0.394669
***************************************************
vertex:
160.844727, 157.124023, 0.960999, 0.394669
159.846191, 157.124023, 0.960999, 0.394669
159.846191, 161.159668, 0.959732, 0.407333
***************************************************
vertex:
161.906738, 161.159668, 0.959732, 0.407333
165.002441, 159.094238, 0.959732, 0.407333
162.846680, 156.123047, 0.960999, 0.394669
***************************************************
vertex:
162.846680, 156.123047, 0.960999, 0.394669
160.844727, 157.124023, 0.960999, 0.394669
161.906738, 161.159668, 0.959732, 0.407333
***************************************************
vertex:
165.002441, 159.094238, 0.959732, 0.407333
165.000000, 152.900391, 0.959732, 0.407333
162.844238, 153.120117, 0.960999, 0.394669
***************************************************
vertex:
162.844238, 153.120117, 0.960999, 0.394669
162.846680, 156.123047, 0.960999, 0.394669
165.002441, 159.094238, 0.959732, 0.407333
***************************************************
vertex:
165.000000, 152.900391, 0.959732, 0.407333
161.899414, 149.802246, 0.959732, 0.407333
160.839844, 151.123047, 0.960999, 0.394669
***************************************************
vertex:
160.839844, 151.123047, 0.960999, 0.394669
162.844238, 153.120117, 0.960999, 0.394669
165.000000, 152.900391, 0.959732, 0.407333
***************************************************
vertex:
160.839844, 151.123047, 0.960999, 0.394669
161.899414, 149.802246, 0.959732, 0.407333
159.836426, 149.804688, 0.959732, 0.407333
***************************************************
vertex:
159.836426, 149.804688, 0.959732, 0.407333
159.841309, 151.123047, 0.960999, 0.394669
160.839844, 151.123047, 0.960999, 0.394669
***************************************************
vertex:
159.841309, 163.298340, 0.958847, 0.416229
161.948242, 163.295898, 0.958847, 0.416229
161.906738, 161.159668, 0.959732, 0.407333
***************************************************
vertex:
161.906738, 161.159668, 0.959732, 0.407333
159.846191, 161.159668, 0.959732, 0.407333
159.841309, 163.298340, 0.958847, 0.416229
***************************************************
vertex:
161.948242, 163.295898, 0.958847, 0.416229
164.150391, 163.369141, 0.957916, 0.425537
161.906738, 161.159668, 0.959732, 0.407333
***************************************************
vertex:
164.150391, 163.369141, 0.957916, 0.425537
166.306152, 161.210938, 0.957916, 0.425537
165.002441, 159.094238, 0.959732, 0.407333
***************************************************
vertex:
165.002441, 159.094238, 0.959732, 0.407333
161.906738, 161.159668, 0.959732, 0.407333
164.150391, 163.369141, 0.957916, 0.425537
***************************************************
vertex:
166.306152, 161.210938, 0.957916, 0.425537
166.301270, 152.580566, 0.957916, 0.425537
165.000000, 152.900391, 0.959732, 0.407333
***************************************************
vertex:
165.000000, 152.900391, 0.959732, 0.407333
165.002441, 159.094238, 0.959732, 0.407333
166.306152, 161.210938, 0.957916, 0.425537
***************************************************
vertex:
166.301270, 152.580566, 0.957916, 0.425537
161.984863, 148.269043, 0.957916, 0.425537
161.899414, 149.802246, 0.959732, 0.407333
***************************************************
vertex:
161.899414, 149.802246, 0.959732, 0.407333
165.000000, 152.900391, 0.959732, 0.407333
166.301270, 152.580566, 0.957916, 0.425537
***************************************************
vertex:
161.899414, 149.802246, 0.959732, 0.407333
161.984863, 148.269043, 0.957916, 0.425537
159.829102, 148.271484, 0.957916, 0.425537
***************************************************
vertex:
159.829102, 148.271484, 0.957916, 0.425537
159.836426, 149.804688, 0.959732, 0.407333
161.899414, 149.802246, 0.959732, 0.407333
***************************************************
vertex:
164.294434, 163.486328, 0.956436, 0.440292
166.489258, 161.245117, 0.956696, 0.437759
166.306152, 161.210938, 0.957916, 0.425537
***************************************************
vertex:
166.306152, 161.210938, 0.957916, 0.425537
164.150391, 163.369141, 0.957916, 0.425537
164.294434, 163.486328, 0.956436, 0.440292
***************************************************
vertex:
166.489258, 161.245117, 0.956696, 0.437759
166.481934, 152.368164, 0.956696, 0.437759
166.301270, 152.580566, 0.957916, 0.425537
***************************************************
vertex:
166.301270, 152.580566, 0.957916, 0.425537
166.306152, 161.210938, 0.957916, 0.425537
166.489258, 161.245117, 0.956696, 0.437759
***************************************************
vertex:
166.713867, 152.094727, 0.955124, 0.453384
166.481934, 152.368164, 0.956696, 0.437759
166.489258, 161.245117, 0.956696, 0.437759
***************************************************
vertex:
161.984863, 148.269043, 0.957916, 0.425537
162.141113, 147.351074, 0.954590, 0.458847
159.816895, 147.353516, 0.954590, 0.458847
***************************************************
vertex:
159.816895, 147.353516, 0.954590, 0.458847
159.829102, 148.271484, 0.957916, 0.425537
161.984863, 148.269043, 0.957916, 0.425537
***************************************************
vertex:
160.988770, 167.126465, 0.954590, 0.458847
164.501953, 161.313477, 0.954300, 0.461624
164.294434, 163.486328, 0.956436, 0.440292
***************************************************
vertex:
164.501953, 161.313477, 0.954300, 0.461624
166.489258, 161.245117, 0.956696, 0.437759
164.294434, 163.486328, 0.956436, 0.440292
***************************************************
vertex:
164.501953, 161.313477, 0.954300, 0.461624
175.961914, 161.286621, 0.954987, 0.454742
173.144531, 161.240234, 0.956696, 0.437759
***************************************************
vertex:
173.144531, 161.240234, 0.956696, 0.437759
166.489258, 161.245117, 0.956696, 0.437759
164.501953, 161.313477, 0.954300, 0.461624
***************************************************
vertex:
176.203613, 161.306152, 0.954300, 0.461624
175.961914, 161.286621, 0.954987, 0.454742
164.501953, 161.313477, 0.954300, 0.461624
***************************************************
vertex:
162.141113, 147.351074, 0.954590, 0.458847
166.713867, 152.094727, 0.955124, 0.453384
166.791992, 147.346191, 0.954590, 0.458847
***************************************************
vertex:
159.816895, 163.820801, 0.952255, 0.482071
162.258301, 161.374512, 0.952255, 0.482071
164.501953, 161.313477, 0.954300, 0.461624
***************************************************
vertex:
164.501953, 161.313477, 0.954300, 0.461624
160.988770, 167.126465, 0.954590, 0.458847
159.816895, 163.820801, 0.952255, 0.482071
***************************************************
vertex:
162.258301, 161.374512, 0.952255, 0.482071
176.921387, 161.364746, 0.952255, 0.482071
176.203613, 161.306152, 0.954300, 0.461624
***************************************************
vertex:
176.203613, 161.306152, 0.954300, 0.461624
164.501953, 161.313477, 0.954300, 0.461624
162.258301, 161.374512, 0.952255, 0.482071
***************************************************
vertex:
177.321777, 158.972168, 0.954453, 0.460236
175.961914, 158.984375, 0.954987, 0.454742
176.203613, 161.306152, 0.954300, 0.461624
***************************************************
vertex:
177.321777, 158.972168, 0.954453, 0.460236
176.105957, 156.650391, 0.954590, 0.458847
175.961914, 158.984375, 0.954987, 0.454742
***************************************************
vertex:
176.921387, 161.364746, 0.952255, 0.482071
186.826172, 158.896484, 0.951218, 0.492432
176.203613, 161.306152, 0.954300, 0.461624
***************************************************
vertex:
186.826172, 158.896484, 0.951218, 0.492432
177.321777, 158.972168, 0.954453, 0.460236
176.203613, 161.306152, 0.954300, 0.461624
***************************************************
vertex:
177.321777, 158.972168, 0.954453, 0.460236
186.826172, 158.896484, 0.951218, 0.492432
176.105957, 156.650391, 0.954590, 0.458847
***************************************************
vertex:
186.826172, 158.896484, 0.951218, 0.492432
177.023926, 153.996582, 0.951950, 0.485138
176.105957, 156.650391, 0.954590, 0.458847
***************************************************
vertex:
177.023926, 153.996582, 0.951950, 0.485138
177.021484, 146.616211, 0.951950, 0.485138
176.098633, 147.341309, 0.954590, 0.458847
***************************************************
vertex:
176.098633, 147.341309, 0.954590, 0.458847
176.105957, 156.650391, 0.954590, 0.458847
177.023926, 153.996582, 0.951950, 0.485138
***************************************************
vertex:
177.822266, 161.437988, 0.949692, 0.507767
186.826172, 158.896484, 0.951218, 0.492432
176.921387, 161.364746, 0.952255, 0.482071
***************************************************
vertex:
178.063965, 156.242676, 0.949005, 0.514633
177.023926, 153.996582, 0.951950, 0.485138
186.826172, 158.896484, 0.951218, 0.492432
***************************************************
vertex:
159.785156, 160.173340, 0.945786, 0.546768
162.258301, 161.374512, 0.952255, 0.482071
159.816895, 163.820801, 0.952255, 0.482071
***************************************************
vertex:
178.063965, 156.242676, 0.949005, 0.514633
183.942871, 158.034668, 0.946594, 0.538651
178.686523, 145.307617, 0.947205, 0.532623
***************************************************
vertex:
178.686523, 145.307617, 0.947205, 0.532623
177.021484, 146.616211, 0.951950, 0.485138
178.063965, 156.242676, 0.949005, 0.514633
***************************************************
vertex:
178.063965, 156.242676, 0.949005, 0.514633
177.021484, 146.616211, 0.951950, 0.485138
177.023926, 153.996582, 0.951950, 0.485138
***************************************************
vertex:
171.486816, 158.701172, 0.941788, 0.586777
170.666504, 160.170898, 0.945984, 0.544815
159.785156, 160.173340, 0.945786, 0.546768
***************************************************
vertex:
159.785156, 160.173340, 0.945786, 0.546768
159.768066, 158.701172, 0.941788, 0.586777
171.486816, 158.701172, 0.941788, 0.586777
***************************************************
vertex:
171.486816, 158.701172, 0.941788, 0.586777
174.462891, 161.669922, 0.941788, 0.586777
170.666504, 160.170898, 0.945984, 0.544815
***************************************************
vertex:
174.462891, 161.669922, 0.941788, 0.586777
173.239746, 161.528320, 0.946762, 0.537140
170.666504, 160.170898, 0.945984, 0.544815
***************************************************
vertex:
180.415039, 161.665039, 0.941788, 0.586777
182.302246, 160.168457, 0.944504, 0.559555
178.688965, 161.523438, 0.946762, 0.537140
***************************************************
vertex:
180.415039, 161.665039, 0.941788, 0.586777
183.386230, 158.693848, 0.941788, 0.586777
182.302246, 160.168457, 0.944504, 0.559555
***************************************************
vertex:
183.386230, 158.693848, 0.941788, 0.586777
182.302246, 160.168457, 0.944504, 0.559555
178.688965, 161.523438, 0.946762, 0.537140
***************************************************
vertex:
178.688965, 161.523438, 0.946762, 0.537140
180.415039, 161.665039, 0.941788, 0.586777
183.386230, 158.693848, 0.941788, 0.586777
***************************************************
vertex:
183.759766, 149.958496, 0.942886, 0.575760
178.686523, 145.307617, 0.947205, 0.532623
183.942871, 158.034668, 0.946594, 0.538651
***************************************************
vertex:
183.759766, 149.958496, 0.942886, 0.575760
182.402344, 145.302734, 0.941788, 0.586777
178.686523, 145.307617, 0.947205, 0.532623
***************************************************
vertex:
182.402344, 145.302734, 0.941788, 0.586777
174.455566, 145.310059, 0.941788, 0.586777
170.656738, 144.980469, 0.945984, 0.544815
***************************************************
vertex:
170.656738, 144.980469, 0.945984, 0.544815
178.686523, 145.307617, 0.947205, 0.532623
182.402344, 145.302734, 0.941788, 0.586777
***************************************************
vertex:
174.455566, 145.310059, 0.941788, 0.586777
171.481934, 151.262207, 0.941788, 0.586777
170.656738, 144.980469, 0.945984, 0.544815
***************************************************
vertex:
170.656738, 144.980469, 0.945984, 0.544815
171.481934, 151.262207, 0.941788, 0.586777
159.768066, 151.262207, 0.941788, 0.586777
***************************************************
vertex:
159.753418, 155.444336, 0.937927, 0.625305
172.238770, 155.444336, 0.937927, 0.625305
171.486816, 158.701172, 0.941788, 0.586777
***************************************************
vertex:
171.486816, 158.701172, 0.941788, 0.586777
159.768066, 158.701172, 0.941788, 0.586777
159.753418, 155.444336, 0.937927, 0.625305
***************************************************
vertex:
172.238770, 155.444336, 0.937927, 0.625305
172.241211, 158.615723, 0.937927, 0.625305
171.486816, 158.701172, 0.941788, 0.586777
***************************************************
vertex:
172.241211, 158.615723, 0.937927, 0.625305
175.412598, 161.779785, 0.937927, 0.625305
174.462891, 161.669922, 0.941788, 0.586777
***************************************************
vertex:
174.462891, 161.669922, 0.941788, 0.586777
171.486816, 158.701172, 0.941788, 0.586777
172.241211, 158.615723, 0.937927, 0.625305
***************************************************
vertex:
181.755371, 161.774902, 0.937927, 0.625305
184.921875, 158.608398, 0.937927, 0.625305
183.386230, 158.693848, 0.941788, 0.586777
***************************************************
vertex:
183.386230, 158.693848, 0.941788, 0.586777
180.415039, 161.665039, 0.941788, 0.586777
181.755371, 161.774902, 0.937927, 0.625305
***************************************************
vertex:
184.919434, 152.268066, 0.937927, 0.625305
181.745605, 149.096680, 0.937927, 0.625305
182.402344, 145.302734, 0.941788, 0.586777
***************************************************
vertex:
182.402344, 145.302734, 0.941788, 0.586777
183.759766, 149.958496, 0.942886, 0.575760
184.919434, 152.268066, 0.937927, 0.625305
***************************************************
vertex:
181.745605, 149.096680, 0.937927, 0.625305
175.405273, 149.101562, 0.937927, 0.625305
174.455566, 145.310059, 0.941788, 0.586777
***************************************************
vertex:
174.455566, 145.310059, 0.941788, 0.586777
182.402344, 145.302734, 0.941788, 0.586777
181.745605, 149.096680, 0.937927, 0.625305
***************************************************
vertex:
175.405273, 149.101562, 0.937927, 0.625305
172.238770, 152.275391, 0.937927, 0.625305
171.481934, 151.262207, 0.941788, 0.586777
***************************************************
vertex:
171.481934, 151.262207, 0.941788, 0.586777
174.455566, 145.310059, 0.941788, 0.586777
175.405273, 149.101562, 0.937927, 0.625305
***************************************************
vertex:
172.238770, 152.275391, 0.937927, 0.625305
172.238770, 155.444336, 0.937927, 0.625305
171.481934, 151.262207, 0.941788, 0.586777
***************************************************
vertex:
171.481934, 151.262207, 0.941788, 0.586777
172.238770, 155.444336, 0.937927, 0.625305
159.753418, 155.444336, 0.937927, 0.625305
***************************************************
vertex:
159.753418, 155.444336, 0.937927, 0.625305
159.768066, 151.262207, 0.941788, 0.586777
171.481934, 151.262207, 0.941788, 0.586777
***************************************************
vertex:
173.144531, 161.240234, 0.956696, 0.437759
175.961914, 161.286621, 0.954987, 0.454742
175.961914, 158.984375, 0.954987, 0.454742
***************************************************
vertex:
173.144531, 161.240234, 0.956696, 0.437759
175.961914, 158.984375, 0.954987, 0.454742
176.105957, 156.650391, 0.954590, 0.458847
***************************************************
vertex:
176.105957, 156.650391, 0.954590, 0.458847
176.098633, 147.341309, 0.954590, 0.458847
173.144531, 161.240234, 0.956696, 0.437759
***************************************************
vertex:
175.961914, 161.286621, 0.954987, 0.454742
176.203613, 161.306152, 0.954300, 0.461624
175.961914, 158.984375, 0.954987, 0.454742
***************************************************
vertex:
162.258301, 161.374512, 0.952255, 0.482071
159.785156, 160.173340, 0.945786, 0.546768
170.666504, 160.170898, 0.945984, 0.544815
***************************************************
vertex:
170.666504, 160.170898, 0.945984, 0.544815
173.239746, 161.528320, 0.946762, 0.537140
162.258301, 161.374512, 0.952255, 0.482071
***************************************************
vertex:
162.258301, 161.374512, 0.952255, 0.482071
173.239746, 161.528320, 0.946762, 0.537140
178.688965, 161.523438, 0.946762, 0.537140
***************************************************
vertex:
178.688965, 161.523438, 0.946762, 0.537140
176.921387, 161.364746, 0.952255, 0.482071
162.258301, 161.374512, 0.952255, 0.482071
***************************************************
vertex:
176.921387, 161.364746, 0.952255, 0.482071
178.688965, 161.523438, 0.946762, 0.537140
177.822266, 161.437988, 0.949692, 0.507767
***************************************************
vertex:
178.688965, 161.523438, 0.946762, 0.537140
182.302246, 160.168457, 0.944504, 0.559555
181.215820, 160.161133, 0.946594, 0.538651
***************************************************
vertex:
181.215820, 160.161133, 0.946594, 0.538651
177.822266, 161.437988, 0.949692, 0.507767
178.688965, 161.523438, 0.946762, 0.537140
***************************************************
vertex:
159.768066, 151.262207, 0.941788, 0.586777
159.785156, 144.982910, 0.945984, 0.544815
170.656738, 144.980469, 0.945984, 0.544815
***************************************************
vertex:
177.021484, 146.616211, 0.951950, 0.485138
178.686523, 145.307617, 0.947205, 0.532623
170.656738, 144.980469, 0.945984, 0.544815
***************************************************
vertex:
170.656738, 144.980469, 0.945984, 0.544815
159.785156, 144.982910, 0.945984, 0.544815
177.021484, 146.616211, 0.951950, 0.485138
***************************************************
vertex:
177.021484, 146.616211, 0.951950, 0.485138
159.785156, 144.982910, 0.945984, 0.544815
159.804688, 146.628418, 0.951950, 0.485138
***************************************************
vertex:
166.301270, 152.580566, 0.957916, 0.425537
166.481934, 152.368164, 0.956696, 0.437759
166.713867, 152.094727, 0.955124, 0.453384
***************************************************
vertex:
166.713867, 152.094727, 0.955124, 0.453384
162.141113, 147.351074, 0.954590, 0.458847
166.301270, 152.580566, 0.957916, 0.425537
***************************************************
vertex:
166.301270, 152.580566, 0.957916, 0.425537
162.141113, 147.351074, 0.954590, 0.458847
161.984863, 148.269043, 0.957916, 0.425537
***************************************************
vertex:
177.021484, 146.616211, 0.951950, 0.485138
159.804688, 146.628418, 0.951950, 0.485138
159.816895, 147.353516, 0.954590, 0.458847
***************************************************
vertex:
159.816895, 147.353516, 0.954590, 0.458847
162.141113, 147.351074, 0.954590, 0.458847
177.021484, 146.616211, 0.951950, 0.485138
***************************************************
vertex:
177.021484, 146.616211, 0.951950, 0.485138
162.141113, 147.351074, 0.954590, 0.458847
166.791992, 147.346191, 0.954590, 0.458847
***************************************************
vertex:
166.791992, 147.346191, 0.954590, 0.458847
176.098633, 147.341309, 0.954590, 0.458847
177.021484, 146.616211, 0.951950, 0.485138
***************************************************
vertex:
183.386230, 158.693848, 0.941788, 0.586777
184.921875, 158.608398, 0.937927, 0.625305
184.919434, 152.268066, 0.937927, 0.625305
***************************************************
vertex:
184.919434, 152.268066, 0.937927, 0.625305
183.759766, 149.958496, 0.942886, 0.575760
183.386230, 158.693848, 0.941788, 0.586777
***************************************************
vertex:
182.302246, 160.168457, 0.944504, 0.559555
183.386230, 158.693848, 0.941788, 0.586777
185.676270, 155.437012, 0.942780, 0.576874
***************************************************
vertex:
182.302246, 160.168457, 0.944504, 0.559555
185.676270, 155.437012, 0.942780, 0.576874
183.942871, 158.034668, 0.946594, 0.538651
***************************************************
vertex:
185.676270, 155.437012, 0.942780, 0.576874
183.386230, 158.693848, 0.941788, 0.586777
186.477051, 156.801758, 0.940979, 0.594894
***************************************************
vertex:
183.386230, 158.693848, 0.941788, 0.586777
184.921875, 158.608398, 0.937927, 0.625305
188.400879, 154.951172, 0.936646, 0.638092
***************************************************
vertex:
188.400879, 154.951172, 0.936646, 0.638092
186.477051, 156.801758, 0.940979, 0.594894
183.386230, 158.693848, 0.941788, 0.586777
***************************************************
vertex:
183.942871, 158.034668, 0.946594, 0.538651
185.676270, 155.437012, 0.942780, 0.576874
183.759766, 149.958496, 0.942886, 0.575760
***************************************************
vertex:
185.676270, 155.437012, 0.942780, 0.576874
188.400879, 154.951172, 0.936646, 0.638092
184.919434, 152.268066, 0.937927, 0.625305
***************************************************
vertex:
184.919434, 152.268066, 0.937927, 0.625305
183.759766, 149.958496, 0.942886, 0.575760
185.676270, 155.437012, 0.942780, 0.576874
***************************************************
vertex:
180.983887, 163.540039, 0.937943, 0.625198
177.360840, 163.449707, 0.939529, 0.609283
175.412598, 161.779785, 0.937927, 0.625305
***************************************************
vertex:
177.360840, 163.449707, 0.939529, 0.609283
176.821289, 163.342285, 0.941422, 0.590408
174.462891, 161.669922, 0.941788, 0.586777
***************************************************
vertex:
174.462891, 161.669922, 0.941788, 0.586777
175.412598, 161.779785, 0.937927, 0.625305
177.360840, 163.449707, 0.939529, 0.609283
***************************************************
vertex:
176.821289, 163.342285, 0.941422, 0.590408
177.517090, 163.195801, 0.944016, 0.564560
173.239746, 161.528320, 0.946762, 0.537140
***************************************************
vertex:
173.239746, 161.528320, 0.946762, 0.537140
174.462891, 161.669922, 0.941788, 0.586777
176.821289, 163.342285, 0.941422, 0.590408
***************************************************
vertex:
178.947754, 163.195801, 0.944016, 0.564560
178.688965, 161.523438, 0.946762, 0.537140
173.239746, 161.528320, 0.946762, 0.537140
***************************************************
vertex:
173.239746, 161.528320, 0.946762, 0.537140
177.517090, 163.195801, 0.944016, 0.564560
178.947754, 163.195801, 0.944016, 0.564560
***************************************************
vertex:
178.947754, 163.195801, 0.944016, 0.564560
180.983887, 163.540039, 0.937943, 0.625198
181.755371, 161.774902, 0.937927, 0.625305
***************************************************
vertex:
181.755371, 161.774902, 0.937927, 0.625305
180.415039, 161.665039, 0.941788, 0.586777
178.947754, 163.195801, 0.944016, 0.564560
***************************************************
vertex:
178.947754, 163.195801, 0.944016, 0.564560
180.415039, 161.665039, 0.941788, 0.586777
178.688965, 161.523438, 0.946762, 0.537140
***************************************************
vertex:
180.983887, 163.540039, 0.937943, 0.625198
175.412598, 161.779785, 0.937927, 0.625305
181.755371, 161.774902, 0.937927, 0.625305
***************************************************
vertex:
159.848633, 153.295898, 0.962006, 0.384705
158.842773, 157.124023, 0.960999, 0.394669
159.846191, 157.124023, 0.960999, 0.394669
***************************************************
vertex:
159.848633, 153.295898, 0.962006, 0.384705
156.843262, 156.123047, 0.960999, 0.394669
158.842773, 157.124023, 0.960999, 0.394669
***************************************************
vertex:
159.848633, 153.295898, 0.962006, 0.384705
156.845703, 153.120117, 0.960999, 0.394669
156.843262, 156.123047, 0.960999, 0.394669
***************************************************
vertex:
159.848633, 153.295898, 0.962006, 0.384705
158.847656, 151.123047, 0.960999, 0.394669
156.845703, 153.120117, 0.960999, 0.394669
***************************************************
vertex:
159.848633, 153.295898, 0.962006, 0.384705
159.841309, 151.123047, 0.960999, 0.394669
158.847656, 151.123047, 0.960999, 0.394669
***************************************************
vertex:
159.846191, 157.124023, 0.960999, 0.394669
158.842773, 157.124023, 0.960999, 0.394669
157.773438, 161.159668, 0.959732, 0.407333
***************************************************
vertex:
157.773438, 161.159668, 0.959732, 0.407333
159.846191, 161.159668, 0.959732, 0.407333
159.846191, 157.124023, 0.960999, 0.394669
***************************************************
vertex:
158.842773, 157.124023, 0.960999, 0.394669
156.843262, 156.123047, 0.960999, 0.394669
154.675293, 159.094238, 0.959732, 0.407333
***************************************************
vertex:
154.675293, 159.094238, 0.959732, 0.407333
157.773438, 161.159668, 0.959732, 0.407333
158.842773, 157.124023, 0.960999, 0.394669
***************************************************
vertex:
156.843262, 156.123047, 0.960999, 0.394669
156.845703, 153.120117, 0.960999, 0.394669
154.677734, 152.900391, 0.959732, 0.407333
***************************************************
vertex:
154.677734, 152.900391, 0.959732, 0.407333
154.675293, 159.094238, 0.959732, 0.407333
156.843262, 156.123047, 0.960999, 0.394669
***************************************************
vertex:
156.845703, 153.120117, 0.960999, 0.394669
158.847656, 151.123047, 0.960999, 0.394669
157.778320, 149.802246, 0.959732, 0.407333
***************************************************
vertex:
157.778320, 149.802246, 0.959732, 0.407333
154.677734, 152.900391, 0.959732, 0.407333
156.845703, 153.120117, 0.960999, 0.394669
***************************************************
vertex:
159.841309, 151.123047, 0.960999, 0.394669
159.836426, 149.804688, 0.959732, 0.407333
157.778320, 149.802246, 0.959732, 0.407333
***************************************************
vertex:
157.778320, 149.802246, 0.959732, 0.407333
158.847656, 151.123047, 0.960999, 0.394669
159.841309, 151.123047, 0.960999, 0.394669
***************************************************
vertex:
159.846191, 161.159668, 0.959732, 0.407333
157.773438, 161.159668, 0.959732, 0.407333
157.719727, 163.295898, 0.958847, 0.416229
***************************************************
vertex:
157.719727, 163.295898, 0.958847, 0.416229
159.831543, 163.298340, 0.958847, 0.416229
159.846191, 161.159668, 0.959732, 0.407333
***************************************************
vertex:
157.773438, 161.159668, 0.959732, 0.407333
155.512695, 163.369141, 0.957916, 0.425537
157.719727, 163.295898, 0.958847, 0.416229
***************************************************
vertex:
157.773438, 161.159668, 0.959732, 0.407333
154.675293, 159.094238, 0.959732, 0.407333
153.354492, 161.210938, 0.957916, 0.425537
***************************************************
vertex:
153.354492, 161.210938, 0.957916, 0.425537
155.512695, 163.369141, 0.957916, 0.425537
157.773438, 161.159668, 0.959732, 0.407333
***************************************************
vertex:
154.675293, 159.094238, 0.959732, 0.407333
154.677734, 152.900391, 0.959732, 0.407333
153.359375, 152.580566, 0.957916, 0.425537
***************************************************
vertex:
153.359375, 152.580566, 0.957916, 0.425537
153.354492, 161.210938, 0.957916, 0.425537
154.675293, 159.094238, 0.959732, 0.407333
***************************************************
vertex:
154.677734, 152.900391, 0.959732, 0.407333
157.778320, 149.802246, 0.959732, 0.407333
157.680664, 148.269043, 0.957916, 0.425537
***************************************************
vertex:
157.680664, 148.269043, 0.957916, 0.425537
153.359375, 152.580566, 0.957916, 0.425537
154.677734, 152.900391, 0.959732, 0.407333
***************************************************
vertex:
159.836426, 149.804688, 0.959732, 0.407333
159.829102, 148.271484, 0.957916, 0.425537
157.680664, 148.269043, 0.957916, 0.425537
***************************************************
vertex:
157.680664, 148.269043, 0.957916, 0.425537
157.778320, 149.802246, 0.959732, 0.407333
159.836426, 149.804688, 0.959732, 0.407333
***************************************************
vertex:
155.512695, 163.369141, 0.957916, 0.425537
153.354492, 161.210938, 0.957916, 0.425537
153.164062, 161.245117, 0.956696, 0.437759
***************************************************
vertex:
153.164062, 161.245117, 0.956696, 0.437759
155.356445, 163.486328, 0.956436, 0.440292
155.512695, 163.369141, 0.957916, 0.425537
***************************************************
vertex:
153.354492, 161.210938, 0.957916, 0.425537
153.359375, 152.580566, 0.957916, 0.425537
153.168945, 152.368164, 0.956696, 0.437759
***************************************************
vertex:
153.168945, 152.368164, 0.956696, 0.437759
153.164062, 161.245117, 0.956696, 0.437759
153.354492, 161.210938, 0.957916, 0.425537
***************************************************
vertex:
153.164062, 161.245117, 0.956696, 0.437759
153.168945, 152.368164, 0.956696, 0.437759
152.924805, 152.094727, 0.955124, 0.453384
***************************************************
vertex:
159.829102, 148.271484, 0.957916, 0.425537
159.816895, 147.353516, 0.954590, 0.458847
157.497559, 147.351074, 0.954590, 0.458847
***************************************************
vertex:
157.497559, 147.351074, 0.954590, 0.458847
157.680664, 148.269043, 0.957916, 0.425537
159.829102, 148.271484, 0.957916, 0.425537
***************************************************
vertex:
155.356445, 163.486328, 0.956436, 0.440292
155.131836, 161.313477, 0.954300, 0.461624
158.647461, 167.126465, 0.954590, 0.458847
***************************************************
vertex:
155.356445, 163.486328, 0.956436, 0.440292
153.164062, 161.245117, 0.956696, 0.437759
155.131836, 161.313477, 0.954300, 0.461624
***************************************************
vertex:
153.164062, 161.245117, 0.956696, 0.437759
146.506348, 161.240234, 0.956696, 0.437759
143.679199, 161.286621, 0.954987, 0.454742
***************************************************
vertex:
143.679199, 161.286621, 0.954987, 0.454742
155.131836, 161.313477, 0.954300, 0.461624
153.164062, 161.245117, 0.956696, 0.437759
***************************************************
vertex:
155.131836, 161.313477, 0.954300, 0.461624
143.679199, 161.286621, 0.954987, 0.454742
143.432617, 161.306152, 0.954300, 0.461624
***************************************************
vertex:
152.844238, 147.346191, 0.954590, 0.458847
152.924805, 152.094727, 0.955124, 0.453384
157.497559, 147.351074, 0.954590, 0.458847
***************************************************
vertex:
159.814453, 167.126465, 0.954590, 0.458847
158.647461, 167.126465, 0.954590, 0.458847
159.804688, 163.820801, 0.952255, 0.482071
***************************************************
vertex:
158.647461, 167.126465, 0.954590, 0.458847
155.131836, 161.313477, 0.954300, 0.461624
157.363281, 161.374512, 0.952255, 0.482071
***************************************************
vertex:
157.363281, 161.374512, 0.952255, 0.482071
159.804688, 163.820801, 0.952255, 0.482071
158.647461, 167.126465, 0.954590, 0.458847
***************************************************
vertex:
155.131836, 161.313477, 0.954300, 0.461624
143.432617, 161.306152, 0.954300, 0.461624
142.697754, 161.364746, 0.952255, 0.482071
***************************************************
vertex:
142.697754, 161.364746, 0.952255, 0.482071
157.363281, 161.374512, 0.952255, 0.482071
155.131836, 161.313477, 0.954300, 0.461624
***************************************************
vertex:
143.432617, 161.306152, 0.954300, 0.461624
143.679199, 158.984375, 0.954987, 0.454742
142.314453, 158.972168, 0.954453, 0.460236
***************************************************
vertex:
143.679199, 158.984375, 0.954987, 0.454742
143.532715, 156.650391, 0.954590, 0.458847
142.314453, 158.972168, 0.954453, 0.460236
***************************************************
vertex:
143.432617, 161.306152, 0.954300, 0.461624
132.783203, 158.896484, 0.951218, 0.492432
142.697754, 161.364746, 0.952255, 0.482071
***************************************************
vertex:
143.432617, 161.306152, 0.954300, 0.461624
142.314453, 158.972168, 0.954453, 0.460236
132.783203, 158.896484, 0.951218, 0.492432
***************************************************
vertex:
143.532715, 156.650391, 0.954590, 0.458847
132.783203, 158.896484, 0.951218, 0.492432
142.314453, 158.972168, 0.954453, 0.460236
***************************************************
vertex:
143.532715, 156.650391, 0.954590, 0.458847
142.590332, 153.996582, 0.951950, 0.485138
132.783203, 158.896484, 0.951218, 0.492432
***************************************************
vertex:
143.532715, 156.650391, 0.954590, 0.458847
143.540039, 147.341309, 0.954590, 0.458847
142.595215, 146.616211, 0.951950, 0.485138
***************************************************
vertex:
142.595215, 146.616211, 0.951950, 0.485138
142.590332, 153.996582, 0.951950, 0.485138
143.532715, 156.650391, 0.954590, 0.458847
***************************************************
vertex:
142.697754, 161.364746, 0.952255, 0.482071
132.783203, 158.896484, 0.951218, 0.492432
141.774902, 161.437988, 0.949692, 0.507767
***************************************************
vertex:
132.783203, 158.896484, 0.951218, 0.492432
142.590332, 153.996582, 0.951950, 0.485138
141.530762, 156.242676, 0.949005, 0.514633
***************************************************
vertex:
159.804688, 163.820801, 0.952255, 0.482071
157.363281, 161.374512, 0.952255, 0.482071
159.785156, 160.173340, 0.945786, 0.546768
***************************************************
vertex:
142.590332, 153.996582, 0.951950, 0.485138
142.595215, 146.616211, 0.951950, 0.485138
140.893555, 145.307617, 0.947205, 0.532623
***************************************************
vertex:
140.893555, 145.307617, 0.947205, 0.532623
135.629883, 158.034668, 0.946594, 0.538651
142.590332, 153.996582, 0.951950, 0.485138
***************************************************
vertex:
142.590332, 153.996582, 0.951950, 0.485138
135.629883, 158.034668, 0.946594, 0.538651
141.530762, 156.242676, 0.949005, 0.514633
***************************************************
vertex:
159.768066, 158.701172, 0.941788, 0.586777
159.785156, 160.173340, 0.945786, 0.546768
148.903809, 160.170898, 0.945984, 0.544815
***************************************************
vertex:
148.903809, 160.170898, 0.945984, 0.544815
148.049316, 158.701172, 0.941788, 0.586777
159.768066, 158.701172, 0.941788, 0.586777
***************************************************
vertex:
148.903809, 160.170898, 0.945984, 0.544815
145.070801, 161.669922, 0.941788, 0.586777
148.049316, 158.701172, 0.941788, 0.586777
***************************************************
vertex:
148.903809, 160.170898, 0.945984, 0.544815
146.333008, 161.528320, 0.946762, 0.537140
145.070801, 161.669922, 0.941788, 0.586777
***************************************************
vertex:
140.888672, 161.528320, 0.946762, 0.537140
137.253418, 160.168457, 0.944504, 0.559555
139.123535, 161.669922, 0.941788, 0.586777
***************************************************
vertex:
137.253418, 160.168457, 0.944504, 0.559555
136.147461, 158.693848, 0.941788, 0.586777
139.123535, 161.669922, 0.941788, 0.586777
***************************************************
vertex:
135.629883, 158.034668, 0.946594, 0.538651
140.893555, 145.307617, 0.947205, 0.532623
135.786133, 149.958496, 0.942886, 0.575760
***************************************************
vertex:
140.893555, 145.307617, 0.947205, 0.532623
137.133789, 145.302734, 0.941788, 0.586777
135.786133, 149.958496, 0.942886, 0.575760
***************************************************
vertex:
140.893555, 145.307617, 0.947205, 0.532623
148.911133, 144.980469, 0.945984, 0.544815
145.083008, 145.310059, 0.941788, 0.586777
***************************************************
vertex:
145.083008, 145.310059, 0.941788, 0.586777
137.133789, 145.302734, 0.941788, 0.586777
140.893555, 145.307617, 0.947205, 0.532623
***************************************************
vertex:
148.911133, 144.980469, 0.945984, 0.544815
148.054199, 151.262207, 0.941788, 0.586777
145.083008, 145.310059, 0.941788, 0.586777
***************************************************
vertex:
159.768066, 151.262207, 0.941788, 0.586777
148.054199, 151.262207, 0.941788, 0.586777
148.911133, 144.980469, 0.945984, 0.544815
***************************************************
vertex:
159.768066, 158.701172, 0.941788, 0.586777
148.049316, 158.701172, 0.941788, 0.586777
147.265625, 155.444336, 0.937927, 0.625305
***************************************************
vertex:
147.265625, 155.444336, 0.937927, 0.625305
159.753418, 155.444336, 0.937927, 0.625305
159.768066, 158.701172, 0.941788, 0.586777
***************************************************
vertex:
148.049316, 158.701172, 0.941788, 0.586777
147.265625, 158.615723, 0.937927, 0.625305
147.265625, 155.444336, 0.937927, 0.625305
***************************************************
vertex:
148.049316, 158.701172, 0.941788, 0.586777
145.070801, 161.669922, 0.941788, 0.586777
144.091797, 161.779785, 0.937927, 0.625305
***************************************************
vertex:
144.091797, 161.779785, 0.937927, 0.625305
147.265625, 158.615723, 0.937927, 0.625305
148.049316, 158.701172, 0.941788, 0.586777
***************************************************
vertex:
139.123535, 161.669922, 0.941788, 0.586777
136.147461, 158.693848, 0.941788, 0.586777
134.582520, 158.608398, 0.937927, 0.625305
***************************************************
vertex:
134.582520, 158.608398, 0.937927, 0.625305
137.751465, 161.779785, 0.937927, 0.625305
139.123535, 161.669922, 0.941788, 0.586777
***************************************************
vertex:
135.786133, 149.958496, 0.942886, 0.575760
137.133789, 145.302734, 0.941788, 0.586777
137.758789, 149.096680, 0.937927, 0.625305
***************************************************
vertex:
137.758789, 149.096680, 0.937927, 0.625305
134.584961, 152.268066, 0.937927, 0.625305
135.786133, 149.958496, 0.942886, 0.575760
***************************************************
vertex:
137.133789, 145.302734, 0.941788, 0.586777
145.083008, 145.310059, 0.941788, 0.586777
144.099121, 149.101562, 0.937927, 0.625305
***************************************************
vertex:
144.099121, 149.101562, 0.937927, 0.625305
137.758789, 149.096680, 0.937927, 0.625305
137.133789, 145.302734, 0.941788, 0.586777
***************************************************
vertex:
145.083008, 145.310059, 0.941788, 0.586777
148.054199, 151.262207, 0.941788, 0.586777
147.268066, 152.275391, 0.937927, 0.625305
***************************************************
vertex:
147.268066, 152.275391, 0.937927, 0.625305
144.099121, 149.101562, 0.937927, 0.625305
145.083008, 145.310059, 0.941788, 0.586777
***************************************************
vertex:
148.054199, 151.262207, 0.941788, 0.586777
147.265625, 155.444336, 0.937927, 0.625305
147.268066, 152.275391, 0.937927, 0.625305
***************************************************
vertex:
159.768066, 151.262207, 0.941788, 0.586777
159.753418, 155.444336, 0.937927, 0.625305
147.265625, 155.444336, 0.937927, 0.625305
***************************************************
vertex:
147.265625, 155.444336, 0.937927, 0.625305
148.054199, 151.262207, 0.941788, 0.586777
159.768066, 151.262207, 0.941788, 0.586777
***************************************************
vertex:
143.679199, 158.984375, 0.954987, 0.454742
143.679199, 161.286621, 0.954987, 0.454742
146.506348, 161.240234, 0.956696, 0.437759
***************************************************
vertex:
143.540039, 147.341309, 0.954590, 0.458847
143.532715, 156.650391, 0.954590, 0.458847
143.679199, 158.984375, 0.954987, 0.454742
***************************************************
vertex:
143.679199, 158.984375, 0.954987, 0.454742
146.506348, 161.240234, 0.956696, 0.437759
143.540039, 147.341309, 0.954590, 0.458847
***************************************************
vertex:
143.679199, 158.984375, 0.954987, 0.454742
143.432617, 161.306152, 0.954300, 0.461624
143.679199, 161.286621, 0.954987, 0.454742
***************************************************
vertex:
146.333008, 161.528320, 0.946762, 0.537140
148.903809, 160.170898, 0.945984, 0.544815
159.785156, 160.173340, 0.945786, 0.546768
***************************************************
vertex:
159.785156, 160.173340, 0.945786, 0.546768
157.363281, 161.374512, 0.952255, 0.482071
146.333008, 161.528320, 0.946762, 0.537140
***************************************************
vertex:
142.697754, 161.364746, 0.952255, 0.482071
140.888672, 161.528320, 0.946762, 0.537140
146.333008, 161.528320, 0.946762, 0.537140
***************************************************
vertex:
146.333008, 161.528320, 0.946762, 0.537140
157.363281, 161.374512, 0.952255, 0.482071
142.697754, 161.364746, 0.952255, 0.482071
***************************************************
vertex:
141.774902, 161.437988, 0.949692, 0.507767
140.888672, 161.528320, 0.946762, 0.537140
142.697754, 161.364746, 0.952255, 0.482071
***************************************************
vertex:
141.774902, 161.437988, 0.949692, 0.507767
138.356934, 160.161133, 0.946594, 0.538651
137.253418, 160.168457, 0.944504, 0.559555
***************************************************
vertex:
137.253418, 160.168457, 0.944504, 0.559555
140.888672, 161.528320, 0.946762, 0.537140
141.774902, 161.437988, 0.949692, 0.507767
***************************************************
vertex:
148.911133, 144.980469, 0.945984, 0.544815
159.785156, 144.982910, 0.945984, 0.544815
159.768066, 151.262207, 0.941788, 0.586777
***************************************************
vertex:
159.804688, 146.628418, 0.951950, 0.485138
159.785156, 144.982910, 0.945984, 0.544815
148.911133, 144.980469, 0.945984, 0.544815
***************************************************
vertex:
148.911133, 144.980469, 0.945984, 0.544815
140.893555, 145.307617, 0.947205, 0.532623
159.804688, 146.628418, 0.951950, 0.485138
***************************************************
vertex:
159.804688, 146.628418, 0.951950, 0.485138
140.893555, 145.307617, 0.947205, 0.532623
142.595215, 146.616211, 0.951950, 0.485138
***************************************************
vertex:
157.680664, 148.269043, 0.957916, 0.425537
157.497559, 147.351074, 0.954590, 0.458847
152.924805, 152.094727, 0.955124, 0.453384
***************************************************
vertex:
152.924805, 152.094727, 0.955124, 0.453384
153.168945, 152.368164, 0.956696, 0.437759
157.680664, 148.269043, 0.957916, 0.425537
***************************************************
vertex:
157.680664, 148.269043, 0.957916, 0.425537
153.168945, 152.368164, 0.956696, 0.437759
153.359375, 152.580566, 0.957916, 0.425537
***************************************************
vertex:
152.844238, 147.346191, 0.954590, 0.458847
157.497559, 147.351074, 0.954590, 0.458847
159.816895, 147.353516, 0.954590, 0.458847
***************************************************
vertex:
159.816895, 147.353516, 0.954590, 0.458847
159.804688, 146.628418, 0.951950, 0.485138
152.844238, 147.346191, 0.954590, 0.458847
***************************************************
vertex:
152.844238, 147.346191, 0.954590, 0.458847
159.804688, 146.628418, 0.951950, 0.485138
142.595215, 146.616211, 0.951950, 0.485138
***************************************************
vertex:
142.595215, 146.616211, 0.951950, 0.485138
143.540039, 147.341309, 0.954590, 0.458847
152.844238, 147.346191, 0.954590, 0.458847
***************************************************
vertex:
135.786133, 149.958496, 0.942886, 0.575760
134.584961, 152.268066, 0.937927, 0.625305
134.582520, 158.608398, 0.937927, 0.625305
***************************************************
vertex:
134.582520, 158.608398, 0.937927, 0.625305
136.147461, 158.693848, 0.941788, 0.586777
135.786133, 149.958496, 0.942886, 0.575760
***************************************************
vertex:
133.867188, 155.437012, 0.942780, 0.576874
136.147461, 158.693848, 0.941788, 0.586777
137.253418, 160.168457, 0.944504, 0.559555
***************************************************
vertex:
135.629883, 158.034668, 0.946594, 0.538651
133.867188, 155.437012, 0.942780, 0.576874
137.253418, 160.168457, 0.944504, 0.559555
***************************************************
vertex:
133.051758, 156.801758, 0.940979, 0.594894
136.147461, 158.693848, 0.941788, 0.586777
133.867188, 155.437012, 0.942780, 0.576874
***************************************************
vertex:
133.051758, 156.801758, 0.940979, 0.594894
131.093750, 154.951172, 0.936646, 0.638092
134.582520, 158.608398, 0.937927, 0.625305
***************************************************
vertex:
134.582520, 158.608398, 0.937927, 0.625305
136.147461, 158.693848, 0.941788, 0.586777
133.051758, 156.801758, 0.940979, 0.594894
***************************************************
vertex:
135.786133, 149.958496, 0.942886, 0.575760
133.867188, 155.437012, 0.942780, 0.576874
135.629883, 158.034668, 0.946594, 0.538651
***************************************************
vertex:
135.786133, 149.958496, 0.942886, 0.575760
134.584961, 152.268066, 0.937927, 0.625305
131.093750, 154.951172, 0.936646, 0.638092
***************************************************
vertex:
131.093750, 154.951172, 0.936646, 0.638092
133.867188, 155.437012, 0.942780, 0.576874
135.786133, 149.958496, 0.942886, 0.575760
***************************************************
vertex:
144.091797, 161.779785, 0.937927, 0.625305
142.155762, 163.449707, 0.939529, 0.609283
138.522949, 163.540039, 0.937943, 0.625198
***************************************************
vertex:
144.091797, 161.779785, 0.937927, 0.625305
145.070801, 161.669922, 0.941788, 0.586777
142.709961, 163.342285, 0.941422, 0.590408
***************************************************
vertex:
142.709961, 163.342285, 0.941422, 0.590408
142.155762, 163.449707, 0.939529, 0.609283
144.091797, 161.779785, 0.937927, 0.625305
***************************************************
vertex:
145.070801, 161.669922, 0.941788, 0.586777
146.333008, 161.528320, 0.946762, 0.537140
142.036133, 163.195801, 0.944016, 0.564560
***************************************************
vertex:
142.036133, 163.195801, 0.944016, 0.564560
142.709961, 163.342285, 0.941422, 0.590408
145.070801, 161.669922, 0.941788, 0.586777
***************************************************
vertex:
142.036133, 163.195801, 0.944016, 0.564560
146.333008, 161.528320, 0.946762, 0.537140
140.888672, 161.528320, 0.946762, 0.537140
***************************************************
vertex:
140.888672, 161.528320, 0.946762, 0.537140
140.605469, 163.195801, 0.944016, 0.564560
142.036133, 163.195801, 0.944016, 0.564560
***************************************************
vertex:
140.888672, 161.528320, 0.946762, 0.537140
139.123535, 161.669922, 0.941788, 0.586777
137.751465, 161.779785, 0.937927, 0.625305
***************************************************
vertex:
137.751465, 161.779785, 0.937927, 0.625305
138.522949, 163.540039, 0.937943, 0.625198
140.888672, 161.528320, 0.946762, 0.537140
***************************************************
vertex:
140.888672, 161.528320, 0.946762, 0.537140
138.522949, 163.540039, 0.937943, 0.625198
140.605469, 163.195801, 0.944016, 0.564560
***************************************************
vertex:
137.751465, 161.779785, 0.937927, 0.625305
144.091797, 161.779785, 0.937927, 0.625305
138.522949, 163.540039, 0.937943, 0.625198
***************************************************
vertex:
159.841309, 167.685547, 0.957916, 0.425537
161.994629, 167.685547, 0.957916, 0.425537
161.948242, 163.295898, 0.958847, 0.416229
***************************************************
vertex:
161.948242, 163.295898, 0.958847, 0.416229
159.841309, 163.298340, 0.958847, 0.416229
159.841309, 167.685547, 0.957916, 0.425537
***************************************************
vertex:
161.994629, 167.685547, 0.957916, 0.425537
164.150391, 163.369141, 0.957916, 0.425537
161.948242, 163.295898, 0.958847, 0.416229
***************************************************
vertex:
159.836426, 169.069824, 0.956436, 0.440292
162.067871, 169.067383, 0.956436, 0.440292
161.994629, 167.685547, 0.957916, 0.425537
***************************************************
vertex:
161.994629, 167.685547, 0.957916, 0.425537
159.841309, 167.685547, 0.957916, 0.425537
159.836426, 169.069824, 0.956436, 0.440292
***************************************************
vertex:
162.067871, 169.067383, 0.956436, 0.440292
164.294434, 163.486328, 0.956436, 0.440292
164.150391, 163.369141, 0.957916, 0.425537
***************************************************
vertex:
164.150391, 163.369141, 0.957916, 0.425537
161.994629, 167.685547, 0.957916, 0.425537
162.067871, 169.067383, 0.956436, 0.440292
***************************************************
vertex:
159.826660, 167.126465, 0.954590, 0.458847
160.988770, 167.126465, 0.954590, 0.458847
162.067871, 169.067383, 0.956436, 0.440292
***************************************************
vertex:
162.067871, 169.067383, 0.956436, 0.440292
159.836426, 169.069824, 0.956436, 0.440292
159.826660, 167.126465, 0.954590, 0.458847
***************************************************
vertex:
160.988770, 167.126465, 0.954590, 0.458847
164.294434, 163.486328, 0.956436, 0.440292
162.067871, 169.067383, 0.956436, 0.440292
***************************************************
vertex:
159.831543, 163.298340, 0.958847, 0.416229
157.719727, 163.295898, 0.958847, 0.416229
157.668457, 167.685547, 0.957916, 0.425537
***************************************************
vertex:
157.668457, 167.685547, 0.957916, 0.425537
159.824219, 167.685547, 0.957916, 0.425537
159.831543, 163.298340, 0.958847, 0.416229
***************************************************
vertex:
157.719727, 163.295898, 0.958847, 0.416229
155.512695, 163.369141, 0.957916, 0.425537
157.668457, 167.685547, 0.957916, 0.425537
***************************************************
vertex:
159.824219, 167.685547, 0.957916, 0.425537
157.668457, 167.685547, 0.957916, 0.425537
157.587891, 169.067383, 0.956436, 0.440292
***************************************************
vertex:
157.587891, 169.067383, 0.956436, 0.440292
159.819336, 169.069824, 0.956436, 0.440292
159.824219, 167.685547, 0.957916, 0.425537
***************************************************
vertex:
157.668457, 167.685547, 0.957916, 0.425537
155.512695, 163.369141, 0.957916, 0.425537
155.356445, 163.486328, 0.956436, 0.440292
***************************************************
vertex:
155.356445, 163.486328, 0.956436, 0.440292
157.587891, 169.067383, 0.956436, 0.440292
157.668457, 167.685547, 0.957916, 0.425537
***************************************************
vertex:
159.819336, 169.069824, 0.956436, 0.440292
157.587891, 169.067383, 0.956436, 0.440292
158.647461, 167.126465, 0.954590, 0.458847
***************************************************
vertex:
158.647461, 167.126465, 0.954590, 0.458847
159.814453, 167.126465, 0.954590, 0.458847
159.819336, 169.069824, 0.956436, 0.440292
***************************************************
vertex:
157.587891, 169.067383, 0.956436, 0.440292
155.356445, 163.486328, 0.956436, 0.440292
158.647461, 167.126465, 0.954590, 0.458847
***************************************************
vertex:
221.293945, 158.559570, 0.937790, 0.626663
226.831055, 158.613281, 0.940094, 0.603699
223.852539, 158.642578, 0.941437, 0.590286
***************************************************
vertex:
221.293945, 158.559570, 0.937790, 0.626663
178.063965, 156.242676, 0.949005, 0.514633
223.852539, 158.642578, 0.941437, 0.590286
***************************************************
vertex:
223.852539, 158.642578, 0.941437, 0.590286
178.063965, 156.242676, 0.949005, 0.514633
186.826172, 158.896484, 0.951218, 0.492432
***************************************************
vertex:
221.293945, 158.559570, 0.937790, 0.626663
183.942871, 158.034668, 0.946594, 0.538651
178.063965, 156.242676, 0.949005, 0.514633
***************************************************
vertex:
177.822266, 161.437988, 0.949692, 0.507767
181.215820, 160.161133, 0.946594, 0.538651
221.293945, 158.559570, 0.937790, 0.626663
***************************************************
vertex:
223.852539, 158.642578, 0.941437, 0.590286
186.826172, 158.896484, 0.951218, 0.492432
221.293945, 158.559570, 0.937790, 0.626663
***************************************************
vertex:
221.293945, 158.559570, 0.937790, 0.626663
186.826172, 158.896484, 0.951218, 0.492432
177.822266, 161.437988, 0.949692, 0.507767
***************************************************
vertex:
181.215820, 160.161133, 0.946594, 0.538651
182.302246, 160.168457, 0.944504, 0.559555
221.293945, 158.559570, 0.937790, 0.626663
***************************************************
vertex:
183.942871, 158.034668, 0.946594, 0.538651
221.293945, 158.559570, 0.937790, 0.626663
182.302246, 160.168457, 0.944504, 0.559555
***************************************************
vertex:
132.783203, 158.896484, 0.951218, 0.492432
141.530762, 156.242676, 0.949005, 0.514633
98.210449, 158.559570, 0.937790, 0.626663
***************************************************
vertex:
98.210449, 158.559570, 0.937790, 0.626663
92.695312, 158.613281, 0.940094, 0.603699
132.783203, 158.896484, 0.951218, 0.492432
***************************************************
vertex:
132.783203, 158.896484, 0.951218, 0.492432
92.695312, 158.613281, 0.940094, 0.603699
95.678711, 158.642578, 0.941437, 0.590286
***************************************************
vertex:
141.530762, 156.242676, 0.949005, 0.514633
135.629883, 158.034668, 0.946594, 0.538651
98.210449, 158.559570, 0.937790, 0.626663
***************************************************
vertex:
98.210449, 158.559570, 0.937790, 0.626663
138.356934, 160.161133, 0.946594, 0.538651
141.774902, 161.437988, 0.949692, 0.507767
***************************************************
vertex:
141.774902, 161.437988, 0.949692, 0.507767
132.783203, 158.896484, 0.951218, 0.492432
95.678711, 158.642578, 0.941437, 0.590286
***************************************************
vertex:
95.678711, 158.642578, 0.941437, 0.590286
92.695312, 158.613281, 0.940094, 0.603699
141.774902, 161.437988, 0.949692, 0.507767
***************************************************
vertex:
141.774902, 161.437988, 0.949692, 0.507767
92.695312, 158.613281, 0.940094, 0.603699
98.210449, 158.559570, 0.937790, 0.626663
***************************************************
vertex:
137.253418, 160.168457, 0.944504, 0.559555
138.356934, 160.161133, 0.946594, 0.538651
98.210449, 158.559570, 0.937790, 0.626663
***************************************************
vertex:
137.253418, 160.168457, 0.944504, 0.559555
98.210449, 158.559570, 0.937790, 0.626663
135.629883, 158.034668, 0.946594, 0.538651
***************************************************
vertex:
186.477051, 156.801758, 0.940979, 0.594894
219.050293, 154.941406, 0.936752, 0.637177
219.914551, 155.002441, 0.937531, 0.629288
***************************************************
vertex:
219.914551, 155.002441, 0.937531, 0.629288
185.676270, 155.437012, 0.942780, 0.576874
186.477051, 156.801758, 0.940979, 0.594894
***************************************************
vertex:
188.400879, 154.951172, 0.936646, 0.638092
214.313965, 154.936523, 0.936615, 0.638443
219.050293, 154.941406, 0.936752, 0.637177
***************************************************
vertex:
219.050293, 154.941406, 0.936752, 0.637177
186.477051, 156.801758, 0.940979, 0.594894
188.400879, 154.951172, 0.936646, 0.638092
***************************************************
vertex:
219.914551, 155.002441, 0.937531, 0.629288
219.050293, 154.941406, 0.936752, 0.637177
214.313965, 154.936523, 0.936615, 0.638443
***************************************************
vertex:
214.313965, 154.936523, 0.936615, 0.638443
188.400879, 154.951172, 0.936646, 0.638092
219.914551, 155.002441, 0.937531, 0.629288
***************************************************
vertex:
219.914551, 155.002441, 0.937531, 0.629288
188.400879, 154.951172, 0.936646, 0.638092
185.676270, 155.437012, 0.942780, 0.576874
***************************************************
vertex:
100.444336, 154.941406, 0.936752, 0.637177
99.587402, 155.002441, 0.937531, 0.629288
133.867188, 155.437012, 0.942780, 0.576874
***************************************************
vertex:
100.444336, 154.941406, 0.936752, 0.637177
133.051758, 156.801758, 0.940979, 0.594894
133.867188, 155.437012, 0.942780, 0.576874
***************************************************
vertex:
133.051758, 156.801758, 0.940979, 0.594894
100.444336, 154.941406, 0.936752, 0.637177
105.180664, 154.936523, 0.936615, 0.638443
***************************************************
vertex:
105.180664, 154.936523, 0.936615, 0.638443
131.093750, 154.951172, 0.936646, 0.638092
133.051758, 156.801758, 0.940979, 0.594894
***************************************************
vertex:
133.867188, 155.437012, 0.942780, 0.576874
131.093750, 154.951172, 0.936646, 0.638092
105.180664, 154.936523, 0.936615, 0.638443
***************************************************
vertex:
105.180664, 154.936523, 0.936615, 0.638443
100.444336, 154.941406, 0.936752, 0.637177
133.867188, 155.437012, 0.942780, 0.576874
***************************************************
vertex:
166.489258, 161.245117, 0.956696, 0.437759
173.144531, 161.240234, 0.956696, 0.437759
176.098633, 147.341309, 0.954590, 0.458847
***************************************************
vertex:
176.098633, 147.341309, 0.954590, 0.458847
166.791992, 147.346191, 0.954590, 0.458847
166.489258, 161.245117, 0.956696, 0.437759
***************************************************
vertex:
166.489258, 161.245117, 0.956696, 0.437759
166.791992, 147.346191, 0.954590, 0.458847
166.713867, 152.094727, 0.955124, 0.453384
***************************************************
vertex:
143.540039, 147.341309, 0.954590, 0.458847
152.844238, 147.346191, 0.954590, 0.458847
152.924805, 152.094727, 0.955124, 0.453384
***************************************************
vertex:
152.924805, 152.094727, 0.955124, 0.453384
146.506348, 161.240234, 0.956696, 0.437759
143.540039, 147.341309, 0.954590, 0.458847
***************************************************
vertex:
153.164062, 161.245117, 0.956696, 0.437759
146.506348, 161.240234, 0.956696, 0.437759
152.924805, 152.094727, 0.955124, 0.453384
***************************************************
vertex:
181.384277, 159.965820, 0.936401, 0.640671
176.123047, 159.970703, 0.936401, 0.640671
173.493652, 157.341309, 0.936401, 0.640671
***************************************************
vertex:
173.493652, 157.341309, 0.936401, 0.640671
184.013672, 157.336426, 0.936401, 0.640671
181.384277, 159.965820, 0.936401, 0.640671
***************************************************
vertex:
184.011230, 152.077637, 0.936401, 0.640671
184.013672, 157.336426, 0.936401, 0.640671
173.493652, 157.341309, 0.936401, 0.640671
***************************************************
vertex:
173.493652, 157.341309, 0.936401, 0.640671
181.376953, 149.448242, 0.936401, 0.640671
184.011230, 152.077637, 0.936401, 0.640671
***************************************************
vertex:
176.118164, 149.453125, 0.936401, 0.640671
181.376953, 149.448242, 0.936401, 0.640671
173.493652, 157.341309, 0.936401, 0.640671
***************************************************
vertex:
173.493652, 157.341309, 0.936401, 0.640671
173.493652, 152.084961, 0.936401, 0.640671
176.118164, 149.453125, 0.936401, 0.640671
***************************************************
vertex:
175.405273, 149.101562, 0.937927, 0.625305
176.118164, 149.453125, 0.936401, 0.640671
173.493652, 152.084961, 0.936401, 0.640671
***************************************************
vertex:
173.493652, 152.084961, 0.936401, 0.640671
172.238770, 152.275391, 0.937927, 0.625305
175.405273, 149.101562, 0.937927, 0.625305
***************************************************
vertex:
181.745605, 149.096680, 0.937927, 0.625305
181.376953, 149.448242, 0.936401, 0.640671
176.118164, 149.453125, 0.936401, 0.640671
***************************************************
vertex:
176.118164, 149.453125, 0.936401, 0.640671
175.405273, 149.101562, 0.937927, 0.625305
181.745605, 149.096680, 0.937927, 0.625305
***************************************************
vertex:
184.919434, 152.268066, 0.937927, 0.625305
184.011230, 152.077637, 0.936401, 0.640671
181.376953, 149.448242, 0.936401, 0.640671
***************************************************
vertex:
181.376953, 149.448242, 0.936401, 0.640671
181.745605, 149.096680, 0.937927, 0.625305
184.919434, 152.268066, 0.937927, 0.625305
***************************************************
vertex:
184.921875, 158.608398, 0.937927, 0.625305
184.013672, 157.336426, 0.936401, 0.640671
184.011230, 152.077637, 0.936401, 0.640671
***************************************************
vertex:
184.011230, 152.077637, 0.936401, 0.640671
184.919434, 152.268066, 0.937927, 0.625305
184.921875, 158.608398, 0.937927, 0.625305
***************************************************
vertex:
181.755371, 161.774902, 0.937927, 0.625305
181.384277, 159.965820, 0.936401, 0.640671
184.013672, 157.336426, 0.936401, 0.640671
***************************************************
vertex:
184.013672, 157.336426, 0.936401, 0.640671
184.921875, 158.608398, 0.937927, 0.625305
181.755371, 161.774902, 0.937927, 0.625305
***************************************************
vertex:
175.412598, 161.779785, 0.937927, 0.625305
176.123047, 159.970703, 0.936401, 0.640671
181.384277, 159.965820, 0.936401, 0.640671
***************************************************
vertex:
181.384277, 159.965820, 0.936401, 0.640671
181.755371, 161.774902, 0.937927, 0.625305
175.412598, 161.779785, 0.937927, 0.625305
***************************************************
vertex:
172.241211, 158.615723, 0.937927, 0.625305
173.493652, 157.341309, 0.936401, 0.640671
176.123047, 159.970703, 0.936401, 0.640671
***************************************************
vertex:
176.123047, 159.970703, 0.936401, 0.640671
175.412598, 161.779785, 0.937927, 0.625305
172.241211, 158.615723, 0.937927, 0.625305
***************************************************
vertex:
172.238770, 152.275391, 0.937927, 0.625305
173.493652, 152.084961, 0.936401, 0.640671
173.493652, 157.341309, 0.936401, 0.640671
***************************************************
vertex:
173.493652, 157.341309, 0.936401, 0.640671
172.241211, 158.615723, 0.937927, 0.625305
172.238770, 152.275391, 0.937927, 0.625305
***************************************************
vertex:
138.115234, 149.448242, 0.936401, 0.640671
143.376465, 149.453125, 0.936401, 0.640671
146.003418, 152.084961, 0.936401, 0.640671
***************************************************
vertex:
146.003418, 152.084961, 0.936401, 0.640671
135.483398, 152.077637, 0.936401, 0.640671
138.115234, 149.448242, 0.936401, 0.640671
***************************************************
vertex:
135.478516, 157.336426, 0.936401, 0.640671
135.483398, 152.077637, 0.936401, 0.640671
146.003418, 152.084961, 0.936401, 0.640671
***************************************************
vertex:
146.003418, 152.084961, 0.936401, 0.640671
138.107910, 159.965820, 0.936401, 0.640671
135.478516, 157.336426, 0.936401, 0.640671
***************************************************
vertex:
143.369141, 159.970703, 0.936401, 0.640671
138.107910, 159.965820, 0.936401, 0.640671
146.003418, 152.084961, 0.936401, 0.640671
***************************************************
vertex:
146.003418, 152.084961, 0.936401, 0.640671
146.000977, 157.341309, 0.936401, 0.640671
143.369141, 159.970703, 0.936401, 0.640671
***************************************************
vertex:
147.268066, 152.275391, 0.937927, 0.625305
146.003418, 152.084961, 0.936401, 0.640671
143.376465, 149.453125, 0.936401, 0.640671
***************************************************
vertex:
143.376465, 149.453125, 0.936401, 0.640671
144.099121, 149.101562, 0.937927, 0.625305
147.268066, 152.275391, 0.937927, 0.625305
***************************************************
vertex:
144.099121, 149.101562, 0.937927, 0.625305
143.376465, 149.453125, 0.936401, 0.640671
138.115234, 149.448242, 0.936401, 0.640671
***************************************************
vertex:
138.115234, 149.448242, 0.936401, 0.640671
137.758789, 149.096680, 0.937927, 0.625305
144.099121, 149.101562, 0.937927, 0.625305
***************************************************
vertex:
137.758789, 149.096680, 0.937927, 0.625305
138.115234, 149.448242, 0.936401, 0.640671
135.483398, 152.077637, 0.936401, 0.640671
***************************************************
vertex:
135.483398, 152.077637, 0.936401, 0.640671
134.584961, 152.268066, 0.937927, 0.625305
137.758789, 149.096680, 0.937927, 0.625305
***************************************************
vertex:
134.584961, 152.268066, 0.937927, 0.625305
135.483398, 152.077637, 0.936401, 0.640671
135.478516, 157.336426, 0.936401, 0.640671
***************************************************
vertex:
135.478516, 157.336426, 0.936401, 0.640671
134.582520, 158.608398, 0.937927, 0.625305
134.584961, 152.268066, 0.937927, 0.625305
***************************************************
vertex:
134.582520, 158.608398, 0.937927, 0.625305
135.478516, 157.336426, 0.936401, 0.640671
138.107910, 159.965820, 0.936401, 0.640671
***************************************************
vertex:
138.107910, 159.965820, 0.936401, 0.640671
137.751465, 161.779785, 0.937927, 0.625305
134.582520, 158.608398, 0.937927, 0.625305
***************************************************
vertex:
137.751465, 161.779785, 0.937927, 0.625305
138.107910, 159.965820, 0.936401, 0.640671
143.369141, 159.970703, 0.936401, 0.640671
***************************************************
vertex:
143.369141, 159.970703, 0.936401, 0.640671
144.091797, 161.779785, 0.937927, 0.625305
137.751465, 161.779785, 0.937927, 0.625305
***************************************************
vertex:
144.091797, 161.779785, 0.937927, 0.625305
143.369141, 159.970703, 0.936401, 0.640671
146.000977, 157.341309, 0.936401, 0.640671
***************************************************
vertex:
146.000977, 157.341309, 0.936401, 0.640671
147.265625, 158.615723, 0.937927, 0.625305
144.091797, 161.779785, 0.937927, 0.625305
***************************************************
vertex:
147.265625, 158.615723, 0.937927, 0.625305
146.000977, 157.341309, 0.936401, 0.640671
146.003418, 152.084961, 0.936401, 0.640671
***************************************************
vertex:
146.003418, 152.084961, 0.936401, 0.640671
147.268066, 152.275391, 0.937927, 0.625305
147.265625, 158.615723, 0.937927, 0.625305
***************************************************
vertex:
180.639648, 202.402344, 0.939041, 0.614197
181.328125, 203.815918, 0.936996, 0.634659
180.983887, 163.540039, 0.937943, 0.625198
***************************************************
vertex:
180.983887, 163.540039, 0.937943, 0.625198
178.947754, 163.195801, 0.944016, 0.564560
180.639648, 202.402344, 0.939041, 0.614197
***************************************************
vertex:
177.517090, 163.195801, 0.944016, 0.564560
180.639648, 202.402344, 0.939041, 0.614197
178.947754, 163.195801, 0.944016, 0.564560
***************************************************
vertex:
176.821289, 163.342285, 0.941422, 0.590408
180.639648, 202.402344, 0.939041, 0.614197
177.517090, 163.195801, 0.944016, 0.564560
***************************************************
vertex:
176.821289, 163.342285, 0.941422, 0.590408
177.360840, 163.449707, 0.939529, 0.609283
180.979004, 203.098145, 0.938034, 0.624268
***************************************************
vertex:
180.979004, 203.098145, 0.938034, 0.624268
180.639648, 202.402344, 0.939041, 0.614197
176.821289, 163.342285, 0.941422, 0.590408
***************************************************
vertex:
180.983887, 163.540039, 0.937943, 0.625198
181.328125, 203.815918, 0.936996, 0.634659
180.979004, 203.098145, 0.938034, 0.624268
***************************************************
vertex:
180.979004, 203.098145, 0.938034, 0.624268
177.360840, 163.449707, 0.939529, 0.609283
180.983887, 163.540039, 0.937943, 0.625198
***************************************************
vertex:
140.605469, 163.195801, 0.944016, 0.564560
138.522949, 163.540039, 0.937943, 0.625198
138.173828, 203.815918, 0.936996, 0.634659
***************************************************
vertex:
138.173828, 203.815918, 0.936996, 0.634659
138.876953, 202.402344, 0.939041, 0.614197
140.605469, 163.195801, 0.944016, 0.564560
***************************************************
vertex:
140.605469, 163.195801, 0.944016, 0.564560
138.876953, 202.402344, 0.939041, 0.614197
142.036133, 163.195801, 0.944016, 0.564560
***************************************************
vertex:
142.036133, 163.195801, 0.944016, 0.564560
138.876953, 202.402344, 0.939041, 0.614197
142.709961, 163.342285, 0.941422, 0.590408
***************************************************
vertex:
138.876953, 202.402344, 0.939041, 0.614197
138.530273, 203.098145, 0.938034, 0.624268
142.155762, 163.449707, 0.939529, 0.609283
***************************************************
vertex:
142.155762, 163.449707, 0.939529, 0.609283
142.709961, 163.342285, 0.941422, 0.590408
138.876953, 202.402344, 0.939041, 0.614197
***************************************************
vertex:
142.155762, 163.449707, 0.939529, 0.609283
138.530273, 203.098145, 0.938034, 0.624268
138.173828, 203.815918, 0.936996, 0.634659
***************************************************
vertex:
138.173828, 203.815918, 0.936996, 0.634659
138.522949, 163.540039, 0.937943, 0.625198
142.155762, 163.449707, 0.939529, 0.609283
