 101.015625	 206.575928	 0.979355	 1.000000	 
 213.027344	 197.807007	 0.981491	 1.000000	 
 259.509277	 119.957886	 0.974854	 1.000000	 
 101.015625	 206.575928	 0.979355	 1.000000	 
 259.509277	 119.957886	 0.974854	 1.000000	 
 109.575195	 119.952393	 0.970810	 1.000000	 
 =====================================
 96.279297	 120.025635	 0.984085	 1.000000	 
 213.000488	 42.207642	 0.981491	 1.000000	 
 185.634766	 120.023804	 0.985397	 1.000000	 
 96.279297	 120.025635	 0.984085	 1.000000	 
 101.010742	 33.444214	 0.979355	 1.000000	 
 213.000488	 42.207642	 0.981491	 1.000000	 
 =====================================
 213.000488	 42.207642	 0.981491	 1.000000	 
 109.575195	 119.952393	 0.970810	 1.000000	 
 259.509277	 119.957886	 0.974854	 1.000000	 
 109.575195	 119.952393	 0.970810	 1.000000	 
 213.000488	 42.207642	 0.981491	 1.000000	 
 101.010742	 33.444214	 0.979355	 1.000000	 
 =====================================
 185.634766	 120.023804	 0.985397	 1.000000	 
 213.027344	 197.807007	 0.981491	 1.000000	 
 101.015625	 206.575928	 0.979355	 1.000000	 
 101.015625	 206.575928	 0.979355	 1.000000	 
 96.279297	 120.025635	 0.984085	 1.000000	 
 185.634766	 120.023804	 0.985397	 1.000000	 
 =====================================
 259.509277	 119.957886	 0.974854	 1.000000	 
 185.634766	 120.023804	 0.985397	 1.000000	 
 213.000488	 42.207642	 0.981491	 1.000000	 
 185.634766	 120.023804	 0.985397	 1.000000	 
 259.509277	 119.957886	 0.974854	 1.000000	 
 213.027344	 197.807007	 0.981491	 1.000000	 
 =====================================
 109.575195	 119.952393	 0.970810	 1.000000	 
 101.010742	 33.444214	 0.979355	 1.000000	 
 96.279297	 120.025635	 0.984085	 1.000000	 
 101.015625	 206.575928	 0.979355	 1.000000	 
 109.575195	 119.952393	 0.970810	 1.000000	 
 96.279297	 120.025635	 0.984085	 1.000000	 
 =====================================
