 100.878906	 205.713501	 0.979553	 1.000000	 
 214.169922	 198.517456	 0.981323	 1.000000	 
 256.997070	 119.957886	 0.974426	 1.000000	 
 100.878906	 205.713501	 0.979553	 1.000000	 
 256.997070	 119.957886	 0.974426	 1.000000	 
 103.283691	 119.952393	 0.971069	 1.000000	 
 =====================================
 99.550781	 120.025635	 0.984253	 1.000000	 
 214.143066	 41.499023	 0.981323	 1.000000	 
 189.230957	 120.023804	 0.985321	 1.000000	 
 99.550781	 120.025635	 0.984253	 1.000000	 
 100.876465	 34.306641	 0.979568	 1.000000	 
 214.143066	 41.499023	 0.981323	 1.000000	 
 =====================================
 214.143066	 41.499023	 0.981323	 1.000000	 
 103.283691	 119.952393	 0.971069	 1.000000	 
 256.997070	 119.957886	 0.974426	 1.000000	 
 103.283691	 119.952393	 0.971069	 1.000000	 
 214.143066	 41.499023	 0.981323	 1.000000	 
 100.876465	 34.306641	 0.979568	 1.000000	 
 =====================================
 189.230957	 120.023804	 0.985321	 1.000000	 
 214.169922	 198.517456	 0.981323	 1.000000	 
 100.878906	 205.713501	 0.979553	 1.000000	 
 100.878906	 205.713501	 0.979553	 1.000000	 
 99.550781	 120.025635	 0.984253	 1.000000	 
 189.230957	 120.023804	 0.985321	 1.000000	 
 =====================================
 256.997070	 119.957886	 0.974426	 1.000000	 
 189.230957	 120.023804	 0.985321	 1.000000	 
 214.143066	 41.499023	 0.981323	 1.000000	 
 189.230957	 120.023804	 0.985321	 1.000000	 
 256.997070	 119.957886	 0.974426	 1.000000	 
 214.169922	 198.517456	 0.981323	 1.000000	 
 =====================================
 103.283691	 119.952393	 0.971069	 1.000000	 
 100.876465	 34.306641	 0.979568	 1.000000	 
 99.550781	 120.025635	 0.984253	 1.000000	 
 100.878906	 205.713501	 0.979553	 1.000000	 
 103.283691	 119.952393	 0.971069	 1.000000	 
 99.550781	 120.025635	 0.984253	 1.000000	 
 =====================================
