 101.049805	 204.014282	 0.979980	 1.000000	 
 216.137695	 200.000610	 0.980957	 1.000000	 
 250.793457	 119.956055	 0.973587	 1.000000	 
 101.049805	 204.014282	 0.979980	 1.000000	 
 250.793457	 119.956055	 0.973587	 1.000000	 
 91.672363	 119.954224	 0.971695	 1.000000	 
 =====================================
 106.242676	 120.025635	 0.984558	 1.000000	 
 216.118164	 40.017700	 0.980957	 1.000000	 
 196.374512	 120.023804	 0.985153	 1.000000	 
 106.242676	 120.025635	 0.984558	 1.000000	 
 101.057129	 36.004028	 0.979980	 1.000000	 
 216.118164	 40.017700	 0.980957	 1.000000	 
 =====================================
 216.118164	 40.017700	 0.980957	 1.000000	 
 91.672363	 119.954224	 0.971695	 1.000000	 
 250.793457	 119.956055	 0.973587	 1.000000	 
 91.672363	 119.954224	 0.971695	 1.000000	 
 216.118164	 40.017700	 0.980957	 1.000000	 
 101.057129	 36.004028	 0.979980	 1.000000	 
 =====================================
 196.374512	 120.023804	 0.985153	 1.000000	 
 216.137695	 200.000610	 0.980957	 1.000000	 
 101.049805	 204.014282	 0.979980	 1.000000	 
 101.049805	 204.014282	 0.979980	 1.000000	 
 106.242676	 120.025635	 0.984558	 1.000000	 
 196.374512	 120.023804	 0.985153	 1.000000	 
 =====================================
 250.793457	 119.956055	 0.973587	 1.000000	 
 196.374512	 120.023804	 0.985153	 1.000000	 
 216.118164	 40.017700	 0.980957	 1.000000	 
 196.374512	 120.023804	 0.985153	 1.000000	 
 250.793457	 119.956055	 0.973587	 1.000000	 
 216.137695	 200.000610	 0.980957	 1.000000	 
 =====================================
 91.672363	 119.954224	 0.971695	 1.000000	 
 101.057129	 36.004028	 0.979980	 1.000000	 
 106.242676	 120.025635	 0.984558	 1.000000	 
 101.049805	 204.014282	 0.979980	 1.000000	 
 91.672363	 119.954224	 0.971695	 1.000000	 
 106.242676	 120.025635	 0.984558	 1.000000	 
 =====================================
