 100.891113	 204.860229	 0.979767	 1.000000	 
 215.209961	 199.248047	 0.981140	 1.000000	 
 254.099121	 119.957886	 0.973999	 1.000000	 
 100.891113	 204.860229	 0.979767	 1.000000	 
 254.099121	 119.957886	 0.973999	 1.000000	 
 97.309570	 119.952393	 0.971375	 1.000000	 
 =====================================
 102.871094	 120.025635	 0.984406	 1.000000	 
 215.185547	 40.768433	 0.981140	 1.000000	 
 192.810059	 120.023804	 0.985245	 1.000000	 
 102.871094	 120.025635	 0.984406	 1.000000	 
 100.893555	 35.159912	 0.979767	 1.000000	 
 215.185547	 40.768433	 0.981140	 1.000000	 
 =====================================
 215.185547	 40.768433	 0.981140	 1.000000	 
 97.309570	 119.952393	 0.971375	 1.000000	 
 254.099121	 119.957886	 0.973999	 1.000000	 
 97.309570	 119.952393	 0.971375	 1.000000	 
 215.185547	 40.768433	 0.981140	 1.000000	 
 100.893555	 35.159912	 0.979767	 1.000000	 
 =====================================
 192.810059	 120.023804	 0.985245	 1.000000	 
 215.209961	 199.248047	 0.981140	 1.000000	 
 100.891113	 204.860229	 0.979767	 1.000000	 
 100.891113	 204.860229	 0.979767	 1.000000	 
 102.871094	 120.025635	 0.984406	 1.000000	 
 192.810059	 120.023804	 0.985245	 1.000000	 
 =====================================
 254.099121	 119.957886	 0.973999	 1.000000	 
 192.810059	 120.023804	 0.985245	 1.000000	 
 215.185547	 40.768433	 0.981140	 1.000000	 
 192.810059	 120.023804	 0.985245	 1.000000	 
 254.099121	 119.957886	 0.973999	 1.000000	 
 215.209961	 199.248047	 0.981140	 1.000000	 
 =====================================
 97.309570	 119.952393	 0.971375	 1.000000	 
 100.893555	 35.159912	 0.979767	 1.000000	 
 102.871094	 120.025635	 0.984406	 1.000000	 
 100.891113	 204.860229	 0.979767	 1.000000	 
 97.309570	 119.952393	 0.971375	 1.000000	 
 102.871094	 120.025635	 0.984406	 1.000000	 
 =====================================
