 101.140137	 207.009888	 0.979248	 1.000000	 
 212.416992	 197.460938	 0.981583	 1.000000	 
 260.622559	 119.959717	 0.975082	 1.000000	 
 101.140137	 207.009888	 0.979248	 1.000000	 
 260.622559	 119.959717	 0.975082	 1.000000	 
 112.839355	 119.952393	 0.970688	 1.000000	 
 =====================================
 94.658203	 120.025635	 0.983994	 1.000000	 
 212.387695	 42.555542	 0.981583	 1.000000	 
 183.825684	 120.023804	 0.985428	 1.000000	 
 94.658203	 120.025635	 0.983994	 1.000000	 
 101.132812	 33.010254	 0.979248	 1.000000	 
 212.387695	 42.555542	 0.981583	 1.000000	 
 =====================================
 212.387695	 42.555542	 0.981583	 1.000000	 
 112.839355	 119.952393	 0.970688	 1.000000	 
 260.622559	 119.959717	 0.975082	 1.000000	 
 112.839355	 119.952393	 0.970688	 1.000000	 
 212.387695	 42.555542	 0.981583	 1.000000	 
 101.132812	 33.010254	 0.979248	 1.000000	 
 =====================================
 183.825684	 120.023804	 0.985428	 1.000000	 
 212.416992	 197.460938	 0.981583	 1.000000	 
 101.140137	 207.009888	 0.979248	 1.000000	 
 101.140137	 207.009888	 0.979248	 1.000000	 
 94.658203	 120.025635	 0.983994	 1.000000	 
 183.825684	 120.023804	 0.985428	 1.000000	 
 =====================================
 260.622559	 119.959717	 0.975082	 1.000000	 
 183.825684	 120.023804	 0.985428	 1.000000	 
 212.387695	 42.555542	 0.981583	 1.000000	 
 183.825684	 120.023804	 0.985428	 1.000000	 
 260.622559	 119.959717	 0.975082	 1.000000	 
 212.416992	 197.460938	 0.981583	 1.000000	 
 =====================================
 112.839355	 119.952393	 0.970688	 1.000000	 
 101.132812	 33.010254	 0.979248	 1.000000	 
 94.658203	 120.025635	 0.983994	 1.000000	 
 101.140137	 207.009888	 0.979248	 1.000000	 
 112.839355	 119.952393	 0.970688	 1.000000	 
 94.658203	 120.025635	 0.983994	 1.000000	 
 =====================================
