 100.864258	 205.285034	 0.979660	 1.000000	 
 214.704590	 198.880005	 0.981232	 1.000000	 
 255.603027	 119.957886	 0.974213	 1.000000	 
 100.864258	 205.285034	 0.979660	 1.000000	 
 255.603027	 119.957886	 0.974213	 1.000000	 
 100.251465	 119.952393	 0.971222	 1.000000	 
 =====================================
 101.203613	 120.025635	 0.984329	 1.000000	 
 214.680176	 41.136475	 0.981232	 1.000000	 
 191.025391	 120.023804	 0.985291	 1.000000	 
 101.203613	 120.025635	 0.984329	 1.000000	 
 100.864258	 34.733276	 0.979675	 1.000000	 
 214.680176	 41.136475	 0.981232	 1.000000	 
 =====================================
 214.680176	 41.136475	 0.981232	 1.000000	 
 100.251465	 119.952393	 0.971222	 1.000000	 
 255.603027	 119.957886	 0.974213	 1.000000	 
 100.251465	 119.952393	 0.971222	 1.000000	 
 214.680176	 41.136475	 0.981232	 1.000000	 
 100.864258	 34.733276	 0.979675	 1.000000	 
 =====================================
 191.025391	 120.023804	 0.985291	 1.000000	 
 214.704590	 198.880005	 0.981232	 1.000000	 
 100.864258	 205.285034	 0.979660	 1.000000	 
 100.864258	 205.285034	 0.979660	 1.000000	 
 101.203613	 120.025635	 0.984329	 1.000000	 
 191.025391	 120.023804	 0.985291	 1.000000	 
 =====================================
 255.603027	 119.957886	 0.974213	 1.000000	 
 191.025391	 120.023804	 0.985291	 1.000000	 
 214.680176	 41.136475	 0.981232	 1.000000	 
 191.025391	 120.023804	 0.985291	 1.000000	 
 255.603027	 119.957886	 0.974213	 1.000000	 
 214.704590	 198.880005	 0.981232	 1.000000	 
 =====================================
 100.251465	 119.952393	 0.971222	 1.000000	 
 100.864258	 34.733276	 0.979675	 1.000000	 
 101.203613	 120.025635	 0.984329	 1.000000	 
 100.864258	 205.285034	 0.979660	 1.000000	 
 100.251465	 119.952393	 0.971222	 1.000000	 
 101.203613	 120.025635	 0.984329	 1.000000	 
 =====================================
