ModelViewMatrix2
 -0.473389	 0.054474	 -0.151443	 0.000000	
 0.000000	 0.470474	 0.169250	 0.000000	
 0.160950	 0.160248	 -0.445435	 0.000000	
 0.000000	 -0.000031	 -5.612442	 1.000000	
ProjectionMatrix
 1.810715	 0.000000	 0.000000	 0.000000	
 0.000000	 2.414505	 0.000000	 0.000000	
 0.000000	 0.000000	 -1.000992	 -1.000000	
 0.000000	 0.000000	 -0.200073	 0.000000	
shaderr 0.000000
timeflag 0.030000
ambient_light
 1.000000 1.000000 1.000000 1.000000
ambient_material
 1.000000 1.000000 1.000000 0.000000
diffuse_light
 0.799988 0.799988 0.799988 1.000000
diffuse_material
 1.000000 1.000000 1.000000 1.000000
eye_Pos
 0.000000 0.000000 0.000000
light_Pos
 10.000000 10.000000 10.000000 0.000000
---------------------------------------------------
ModelViewMatrix2
 2.840286	 -0.326889	 0.908661	 0.000000	
 -0.165100	 2.616745	 1.457428	 0.000000	
 -0.951447	 -1.429947	 2.459488	 0.000000	
 0.000000	 1.411392	 -5.104675	 1.000000	
ProjectionMatrix
 1.810715	 0.000000	 0.000000	 0.000000	
 0.000000	 2.414505	 0.000000	 0.000000	
 0.000000	 0.000000	 -1.000992	 -1.000000	
 0.000000	 0.000000	 -0.200073	 0.000000	
shaderr 1.000000
timeflag 0.030000
ambient_light
 1.000000 1.000000 1.000000 1.000000
ambient_material
 1.000000 1.000000 1.000000 0.000000
diffuse_light
 0.799988 0.799988 0.799988 1.000000
diffuse_material
 1.000000 1.000000 1.000000 1.000000
eye_Pos
 0.000000 0.000000 0.000000
light_Pos
 10.000000 10.000000 10.000000 0.000000
---------------------------------------------------
ModelViewMatrix2
 2.840286	 -0.326889	 0.908661	 0.000000	
 -0.165100	 2.616745	 1.457428	 0.000000	
 -0.951447	 -1.429947	 2.459488	 0.000000	
 0.000000	 1.411392	 -5.104675	 1.000000	
ProjectionMatrix
 1.810715	 0.000000	 0.000000	 0.000000	
 0.000000	 2.414505	 0.000000	 0.000000	
 0.000000	 0.000000	 -1.000992	 -1.000000	
 0.000000	 0.000000	 -0.200073	 0.000000	
shaderr 1.000000
timeflag 0.030000
ambient_light
 1.000000 1.000000 1.000000 1.000000
ambient_material
 1.000000 1.000000 1.000000 0.000000
diffuse_light
 0.799988 0.799988 0.799988 1.000000
diffuse_material
 1.000000 1.000000 1.000000 1.000000
eye_Pos
 0.000000 0.000000 0.000000
light_Pos
 10.000000 10.000000 10.000000 0.000000
---------------------------------------------------
ModelViewMatrix2
 2.840286	 -0.326889	 0.908661	 0.000000	
 -0.165100	 2.616745	 1.457428	 0.000000	
 -0.951447	 -1.429947	 2.459488	 0.000000	
 0.000000	 1.411392	 -5.104675	 1.000000	
ProjectionMatrix
 1.810715	 0.000000	 0.000000	 0.000000	
 0.000000	 2.414505	 0.000000	 0.000000	
 0.000000	 0.000000	 -1.000992	 -1.000000	
 0.000000	 0.000000	 -0.200073	 0.000000	
shaderr 1.000000
timeflag 0.030000
ambient_light
 1.000000 1.000000 1.000000 1.000000
ambient_material
 1.000000 1.000000 1.000000 0.000000
diffuse_light
 0.799988 0.799988 0.799988 1.000000
diffuse_material
 1.000000 1.000000 1.000000 1.000000
eye_Pos
 0.000000 0.000000 0.000000
light_Pos
 10.000000 10.000000 10.000000 0.000000
---------------------------------------------------
ModelViewMatrix2
 2.840286	 -0.326889	 0.908661	 0.000000	
 -0.165100	 2.616745	 1.457428	 0.000000	
 -0.951447	 -1.429947	 2.459488	 0.000000	
 0.000000	 1.411392	 -5.104675	 1.000000	
ProjectionMatrix
 1.810715	 0.000000	 0.000000	 0.000000	
 0.000000	 2.414505	 0.000000	 0.000000	
 0.000000	 0.000000	 -1.000992	 -1.000000	
 0.000000	 0.000000	 -0.200073	 0.000000	
shaderr 1.000000
timeflag 0.030000
ambient_light
 1.000000 1.000000 1.000000 1.000000
ambient_material
 1.000000 1.000000 1.000000 0.000000
diffuse_light
 0.799988 0.799988 0.799988 1.000000
diffuse_material
 1.000000 1.000000 1.000000 1.000000
eye_Pos
 0.000000 0.000000 0.000000
light_Pos
 10.000000 10.000000 10.000000 0.000000
---------------------------------------------------
