texcoord0 0.000000 1.000000 0.000000 1.000000
normal 0.000000 0.000000 0.000000 0.000000
gl_Position -0.929581 0.567398 0.725845 0.925003
---------------------------------------------------
texcoord0 1.000000 1.000000 0.000000 1.000000
normal 0.000000 0.000000 0.000000 0.000000
gl_Position -0.929581 0.929565 0.725845 0.925003
---------------------------------------------------
texcoord0 1.000000 0.000000 0.000000 1.000000
normal 0.000000 0.000000 0.000000 0.000000
gl_Position -0.567413 0.929565 0.725845 0.925003
---------------------------------------------------
texcoord0 0.000000 1.000000 0.000000 1.000000
normal 0.000000 0.000000 0.000000 0.000000
gl_Position -0.929581 0.567398 0.725845 0.925003
---------------------------------------------------
texcoord0 1.000000 0.000000 0.000000 1.000000
normal 0.000000 0.000000 0.000000 0.000000
gl_Position -0.567413 0.929565 0.725845 0.925003
---------------------------------------------------
texcoord0 0.000000 0.000000 0.000000 1.000000
normal 0.000000 0.000000 0.000000 0.000000
gl_Position -0.567413 0.567398 0.725845 0.925003
---------------------------------------------------
