1
0
0
0
0.000000
0.000000 
0.000000 
0.000000 
0.333328
0.000000  
0.000000  
0.000000
0.000000  
0.328399
0.056976
0.000061
0.000000  
-0.056991
0.328399
0.000122
10.000000
10.000000
10.000000
0.000000 
0.000000 
0.000000 
0.000000
0.000000
0.799988
0.799988
0.799988
1.000000
1.000000
1.000000
1.000000
1.000000
1.000000
1.000000
1.000000
1.000000
1.000000
1.000000
1.000000
0.000000
5.000000
0.000000
0.000000
0.000000
1.000000
1.000000
1.000000
1.000000
0.699997
0.699997
0.699997
1.000000
2.840286        
-0.326889       
0.908661        
0.000000       
-0.165100       
2.616745        
1.457428        
0.000000       
-0.951447       
-1.429947       
2.459488        
0.000000       
0.000000        
1.411392        
-5.104675       
1.000000       
1.810715        
0.000000        
0.000000        
0.000000       
0.000000        
2.414505        
0.000000        
0.000000       
0.000000        
0.000000        
-1.000992       
-1.000000      
0.000000        
0.000000        
-0.200073       
0.000000       
