0.000000
0.000000 
0.000000 
0.000000 
0.000000
0.000000 
0.000000 
0.000000 
-2.000000 
0.000000 
0.000000 
0.000000 
0.000000 
2.000000 
0.000000 
0.000000 
0.000000 
0.000000 
-2.000000
0.000000 
0.000152
0.000152
0.000152
0.000000 
0.000000
0.000000 
0.000000 
0.000000 
0.799988
0.799988
0.799988
1.000000
1.000000
1.000000
1.000000
1.000000
1.000000
1.000000
1.000000
1.000000
1.000000
1.000000
1.000000
0.000000
5.000000
0.000000
0.000000
0.000000
1.000000
1.000000
1.000000
1.000000
0.699997
0.699997
0.699997
1.000000
-0.473389	 
0.054474	 
-0.151443	 
0.000000	
0.000000	 
0.470474	 
0.169250	 
0.000000	
0.160950	 
0.160248	 
-0.445435	 
0.000000	
0.000000	 
-0.000031	 
-5.612442	 
1.000000
1.810715        
0.000000        
0.000000        
0.000000       
0.000000        
2.414505        
0.000000        
0.000000       
0.000000        
0.000000        
-1.000992       
-1.000000      
0.000000        
0.000000        
-0.200073       
0.000000       
