0.00000000000000000
0.00000000000000000
0.00000000000000000
1.00000000000000000
0.00000000000000000
0.00000000000000000
0.50000000000000000
1.00000000000000000
0.00000000000000000
-0.50000000000000000
0.00000000000000000
1.00000000000000000
0.00000000000000000
-0.50000000000000000
0.00000000000000000
1.00000000000000000
0.00000000000000000
0.00000000000000000
0.50000000000000000
1.00000000000000000
0.00000000000000000
-0.50000000000000000
0.50000000000000000
1.00000000000000000
0.00000000000000000
-0.50000000000000000
0.00000000000000000
1.00000000000000000
0.00000000000000000
-0.50000000000000000
0.50000000000000000
1.00000000000000000
0.00000000000000000
-1.00000000000000000
0.00000000000000000
1.00000000000000000
0.00000000000000000
-1.00000000000000000
0.00000000000000000
1.00000000000000000
0.00000000000000000
-0.50000000000000000
0.50000000000000000
1.00000000000000000
0.00000000000000000
-1.00000000000000000
0.50000000000000000
1.00000000000000000
0.00000000000000000
-1.00000000000000000
0.00000000000000000
1.00000000000000000
0.00000000000000000
-1.00000000000000000
0.50000000000000000
1.00000000000000000
0.50000000000000000
-1.00000000000000000
0.00000000000000000
1.00000000000000000
0.50000000000000000
-1.00000000000000000
0.00000000000000000
1.00000000000000000
0.00000000000000000
-1.00000000000000000
0.50000000000000000
1.00000000000000000
0.50000000000000000
-1.00000000000000000
0.50000000000000000
1.00000000000000000
0.50000000000000000
-0.50000000000000000
0.00000000000000000
1.00000000000000000
0.50000000000000000
-0.50000000000000000
0.50000000000000000
1.00000000000000000
0.50000000000000000
-1.00000000000000000
0.00000000000000000
1.00000000000000000
0.50000000000000000
-1.00000000000000000
0.00000000000000000
1.00000000000000000
0.50000000000000000
-0.50000000000000000
0.50000000000000000
1.00000000000000000
0.50000000000000000
-1.00000000000000000
0.50000000000000000
1.00000000000000000
0.50000000000000000
-0.50000000000000000
0.00000000000000000
1.00000000000000000
0.50000000000000000
-0.50000000000000000
0.50000000000000000
1.00000000000000000
1.00000000000000000
-0.50000000000000000
0.00000000000000000
1.00000000000000000
1.00000000000000000
-0.50000000000000000
0.00000000000000000
1.00000000000000000
0.50000000000000000
-0.50000000000000000
0.50000000000000000
1.00000000000000000
1.00000000000000000
-0.50000000000000000
0.50000000000000000
1.00000000000000000
1.00000000000000000
0.00000000000000000
0.00000000000000000
1.00000000000000000
1.00000000000000000
0.00000000000000000
0.50000000000000000
1.00000000000000000
1.00000000000000000
-0.50000000000000000
0.00000000000000000
1.00000000000000000
1.00000000000000000
-0.50000000000000000
0.00000000000000000
1.00000000000000000
1.00000000000000000
0.00000000000000000
0.50000000000000000
1.00000000000000000
1.00000000000000000
-0.50000000000000000
0.50000000000000000
1.00000000000000000
0.50000000000000000
0.00000000000000000
0.00000000000000000
1.00000000000000000
0.50000000000000000
0.00000000000000000
0.50000000000000000
1.00000000000000000
1.00000000000000000
0.00000000000000000
0.00000000000000000
1.00000000000000000
1.00000000000000000
0.00000000000000000
0.00000000000000000
1.00000000000000000
0.50000000000000000
0.00000000000000000
0.50000000000000000
1.00000000000000000
1.00000000000000000
0.00000000000000000
0.50000000000000000
1.00000000000000000
0.00000000000000000
0.00000000000000000
0.00000000000000000
1.00000000000000000
0.00000000000000000
0.00000000000000000
0.50000000000000000
1.00000000000000000
0.50000000000000000
0.00000000000000000
0.00000000000000000
1.00000000000000000
0.50000000000000000
0.00000000000000000
0.00000000000000000
1.00000000000000000
0.00000000000000000
0.00000000000000000
0.50000000000000000
1.00000000000000000
0.50000000000000000
0.00000000000000000
0.50000000000000000
1.00000000000000000
8888888888888888888
-1.00000000000000000
1.00000000000000000
1.00000000000000000
1.00000000000000000
0.00000000000000000
0.00000000000000000
1.00000000000000000
0
255.00000000000000000
0.00000000000000000
0.00000000000000000
255.00000000000000000
1.00000000000000000
1.00000000000000000
0
0
1.00000000000000000
1.00000000000000000
1.00000000000000000
1.00000000000000000
0.00000000000000000
0.00000000000000000
1.00000000000000000
0
255.00000000000000000
0.00000000000000000
0.00000000000000000
255.00000000000000000
1.00000000000000000
1.00000000000000000
0
0
1.00000000000000000
-1.00000000000000000
1.00000000000000000
1.00000000000000000
0.00000000000000000
0.00000000000000000
1.00000000000000000
0
255.00000000000000000
0.00000000000000000
0.00000000000000000
255.00000000000000000
1.00000000000000000
1.00000000000000000
0
0
-1.00000000000000000
-1.00000000000000000
1.00000000000000000
1.00000000000000000
0.00000000000000000
0.00000000000000000
1.00000000000000000
0
0.00000000000000000
255.00000000000000000
0.00000000000000000
255.00000000000000000
1.00000000000000000
1.00000000000000000
0
0
-1.00000000000000000
1.00000000000000000
1.00000000000000000
1.00000000000000000
0.00000000000000000
0.00000000000000000
1.00000000000000000
0
0.00000000000000000
255.00000000000000000
0.00000000000000000
255.00000000000000000
1.00000000000000000
1.00000000000000000
0
0
1.00000000000000000
-1.00000000000000000
1.00000000000000000
1.00000000000000000
0.00000000000000000
0.00000000000000000
1.00000000000000000
0
0.00000000000000000
255.00000000000000000
0.00000000000000000
255.00000000000000000
1.00000000000000000
1.00000000000000000
0
0
1.00000000000000000
-1.00000000000000000
-1.00000000000000000
1.00000000000000000
0.00000000000000000
0.00000000000000000
-1.00000000000000000
0
0.00000000000000000
0.00000000000000000
255.00000000000000000
255.00000000000000000
1.00000000000000000
1.00000000000000000
0
0
1.00000000000000000
1.00000000000000000
-1.00000000000000000
1.00000000000000000
0.00000000000000000
0.00000000000000000
-1.00000000000000000
0
0.00000000000000000
0.00000000000000000
255.00000000000000000
255.00000000000000000
1.00000000000000000
1.00000000000000000
0
0
-1.00000000000000000
1.00000000000000000
-1.00000000000000000
1.00000000000000000
0.00000000000000000
0.00000000000000000
-1.00000000000000000
0
0.00000000000000000
0.00000000000000000
255.00000000000000000
255.00000000000000000
1.00000000000000000
1.00000000000000000
0
0
1.00000000000000000
-1.00000000000000000
-1.00000000000000000
1.00000000000000000
0.00000000000000000
0.00000000000000000
-1.00000000000000000
0
255.00000000000000000
255.00000000000000000
0.00000000000000000
255.00000000000000000
1.00000000000000000
1.00000000000000000
0
0
-1.00000000000000000
1.00000000000000000
-1.00000000000000000
1.00000000000000000
0.00000000000000000
0.00000000000000000
-1.00000000000000000
0
255.00000000000000000
255.00000000000000000
0.00000000000000000
255.00000000000000000
1.00000000000000000
1.00000000000000000
0
0
-1.00000000000000000
-1.00000000000000000
-1.00000000000000000
1.00000000000000000
0.00000000000000000
0.00000000000000000
-1.00000000000000000
0
255.00000000000000000
255.00000000000000000
0.00000000000000000
255.00000000000000000
1.00000000000000000
1.00000000000000000
0
0
-1.00000000000000000
1.00000000000000000
-1.00000000000000000
1.00000000000000000
0.00000000000000000
1.00000000000000000
0.00000000000000000
0
0.00000000000000000
255.00000000000000000
255.00000000000000000
255.00000000000000000
1.00000000000000000
1.00000000000000000
0
0
1.00000000000000000
1.00000000000000000
-1.00000000000000000
1.00000000000000000
0.00000000000000000
1.00000000000000000
0.00000000000000000
0
0.00000000000000000
255.00000000000000000
255.00000000000000000
255.00000000000000000
1.00000000000000000
1.00000000000000000
0
0
1.00000000000000000
1.00000000000000000
1.00000000000000000
1.00000000000000000
0.00000000000000000
1.00000000000000000
0.00000000000000000
0
0.00000000000000000
255.00000000000000000
255.00000000000000000
255.00000000000000000
1.00000000000000000
1.00000000000000000
0
0
-1.00000000000000000
1.00000000000000000
-1.00000000000000000
1.00000000000000000
0.00000000000000000
1.00000000000000000
0.00000000000000000
0
255.00000000000000000
0.00000000000000000
255.00000000000000000
255.00000000000000000
1.00000000000000000
1.00000000000000000
0
0
1.00000000000000000
1.00000000000000000
1.00000000000000000
1.00000000000000000
0.00000000000000000
1.00000000000000000
0.00000000000000000
0
255.00000000000000000
0.00000000000000000
255.00000000000000000
255.00000000000000000
1.00000000000000000
1.00000000000000000
0
0
-1.00000000000000000
1.00000000000000000
1.00000000000000000
1.00000000000000000
0.00000000000000000
1.00000000000000000
0.00000000000000000
0
255.00000000000000000
0.00000000000000000
255.00000000000000000
255.00000000000000000
1.00000000000000000
1.00000000000000000
0
0
-1.00000000000000000
-1.00000000000000000
-1.00000000000000000
1.00000000000000000
0.00000000000000000
-1.00000000000000000
0.00000000000000000
0
170.00000000000000000
68.00000000000000000
0.00000000000000000
255.00000000000000000
1.00000000000000000
1.00000000000000000
0
0
1.00000000000000000
-1.00000000000000000
1.00000000000000000
1.00000000000000000
0.00000000000000000
-1.00000000000000000
0.00000000000000000
0
170.00000000000000000
68.00000000000000000
0.00000000000000000
255.00000000000000000
1.00000000000000000
1.00000000000000000
0
0
1.00000000000000000
-1.00000000000000000
-1.00000000000000000
1.00000000000000000
0.00000000000000000
-1.00000000000000000
0.00000000000000000
0
170.00000000000000000
68.00000000000000000
0.00000000000000000
255.00000000000000000
1.00000000000000000
1.00000000000000000
0
0
-1.00000000000000000
-1.00000000000000000
-1.00000000000000000
1.00000000000000000
0.00000000000000000
-1.00000000000000000
0.00000000000000000
0
34.00000000000000000
0.00000000000000000
170.00000000000000000
255.00000000000000000
1.00000000000000000
1.00000000000000000
0
0
-1.00000000000000000
-1.00000000000000000
1.00000000000000000
1.00000000000000000
0.00000000000000000
-1.00000000000000000
0.00000000000000000
0
34.00000000000000000
0.00000000000000000
170.00000000000000000
255.00000000000000000
1.00000000000000000
1.00000000000000000
0
0
1.00000000000000000
-1.00000000000000000
1.00000000000000000
1.00000000000000000
0.00000000000000000
-1.00000000000000000
0.00000000000000000
0
34.00000000000000000
0.00000000000000000
170.00000000000000000
255.00000000000000000
1.00000000000000000
1.00000000000000000
0
0
1.00000000000000000
1.00000000000000000
1.00000000000000000
1.00000000000000000
1.00000000000000000
0.00000000000000000
0.00000000000000000
0
102.00000000000000000
187.00000000000000000
0.00000000000000000
255.00000000000000000
1.00000000000000000
1.00000000000000000
0
0
1.00000000000000000
1.00000000000000000
-1.00000000000000000
1.00000000000000000
1.00000000000000000
0.00000000000000000
0.00000000000000000
0
102.00000000000000000
187.00000000000000000
0.00000000000000000
255.00000000000000000
1.00000000000000000
1.00000000000000000
0
0
1.00000000000000000
-1.00000000000000000
-1.00000000000000000
1.00000000000000000
1.00000000000000000
0.00000000000000000
0.00000000000000000
0
102.00000000000000000
187.00000000000000000
0.00000000000000000
255.00000000000000000
1.00000000000000000
1.00000000000000000
0
0
1.00000000000000000
1.00000000000000000
1.00000000000000000
1.00000000000000000
1.00000000000000000
0.00000000000000000
0.00000000000000000
0
85.00000000000000000
85.00000000000000000
85.00000000000000000
255.00000000000000000
1.00000000000000000
1.00000000000000000
0
0
1.00000000000000000
-1.00000000000000000
-1.00000000000000000
1.00000000000000000
1.00000000000000000
0.00000000000000000
0.00000000000000000
0
85.00000000000000000
85.00000000000000000
85.00000000000000000
255.00000000000000000
1.00000000000000000
1.00000000000000000
0
0
1.00000000000000000
-1.00000000000000000
1.00000000000000000
1.00000000000000000
1.00000000000000000
0.00000000000000000
0.00000000000000000
0
85.00000000000000000
85.00000000000000000
85.00000000000000000
255.00000000000000000
1.00000000000000000
1.00000000000000000
0
0
-1.00000000000000000
1.00000000000000000
1.00000000000000000
1.00000000000000000
-1.00000000000000000
0.00000000000000000
0.00000000000000000
0
51.00000000000000000
119.00000000000000000
136.00000000000000000
255.00000000000000000
1.00000000000000000
1.00000000000000000
0
0
-1.00000000000000000
-1.00000000000000000
-1.00000000000000000
1.00000000000000000
-1.00000000000000000
0.00000000000000000
0.00000000000000000
0
51.00000000000000000
119.00000000000000000
136.00000000000000000
255.00000000000000000
1.00000000000000000
1.00000000000000000
0
0
-1.00000000000000000
1.00000000000000000
-1.00000000000000000
1.00000000000000000
-1.00000000000000000
0.00000000000000000
0.00000000000000000
0
51.00000000000000000
119.00000000000000000
136.00000000000000000
255.00000000000000000
1.00000000000000000
1.00000000000000000
0
0
-1.00000000000000000
1.00000000000000000
1.00000000000000000
1.00000000000000000
-1.00000000000000000
0.00000000000000000
0.00000000000000000
0
153.00000000000000000
153.00000000000000000
153.00000000000000000
255.00000000000000000
1.00000000000000000
1.00000000000000000
0
0
-1.00000000000000000
-1.00000000000000000
1.00000000000000000
1.00000000000000000
-1.00000000000000000
0.00000000000000000
0.00000000000000000
0
153.00000000000000000
153.00000000000000000
153.00000000000000000
255.00000000000000000
1.00000000000000000
1.00000000000000000
0
0
-1.00000000000000000
-1.00000000000000000
-1.00000000000000000
1.00000000000000000
-1.00000000000000000
0.00000000000000000
0.00000000000000000
0
153.00000000000000000
153.00000000000000000
153.00000000000000000
255.00000000000000000
1.00000000000000000
1.00000000000000000
0
0
