1.000000 0.000000 0.000000 0.000000 
-0.900000 0.000000 0.000000 0.000000 
-0.100000 0.000000 0.000000 0.000000 
-0.700000 0.000000 0.000000 0.000000 
-1.000000 0.000000 0.000000 0.000000 
0.900000 0.000000 0.000000 0.000000 
-0.300000 0.000000 0.000000 0.000000 
-0.600000 0.000000 0.000000 0.000000 
-0.700000 0.000000 0.000000 0.000000 
-0.900000 0.000000 0.000000 0.000000 
0.100000 0.000000 0.000000 0.000000 
-0.100000 0.000000 0.000000 0.000000 
-0.900000 0.000000 0.000000 0.000000 
-1.000000 0.000000 0.000000 0.000000 
-0.700000 0.000000 0.000000 0.000000 
57.000000 0.000000 0.000000 0.000000 
66.000000 0.000000 0.000000 0.000000 
65.000000 0.000000 0.000000 0.000000 
37.000000 0.000000 0.000000 0.000000 
40.000000 0.000000 0.000000 0.000000 
13.000000 0.000000 0.000000 0.000000 
58.000000 0.000000 0.000000 0.000000 
0.000000 0.000000 0.000000 0.000000 
100.000000 0.000000 0.000000 0.000000 
0.400000 0.000000 0.000000 0.000000 
0.666667 0.000000 0.000000 0.000000 
0.533333 0.000000 0.000000 0.000000 
0.400000 0.000000 0.000000 0.000000 
0.800000 0.000000 0.000000 0.000000 
1.333333 0.000000 0.000000 0.000000 
0.933333 0.000000 0.000000 0.000000 
0.003114 0.000000 0.000000 0.000000 
0.001614 0.000000 0.000000 0.000000 
0.002048 0.000000 0.000000 0.000000 
0.004797 0.000000 0.000000 0.000000 
0.002219 0.000000 0.000000 0.000000 
0.004096 0.000000 0.000000 0.000000 
0.001312 0.000000 0.000000 0.000000 

0.199997	 0.000000	 0.000000	 0.000000	
0.000000	 0.000000	 0.199997	 0.000000	
0.000000	 -0.199997	 0.000000	 0.000000	

5.000076 0.000000 0.000000 0.000000 
0.000000 0.000000 -5.000076 0.000000 
0.000000 5.000076 0.000000 0.000000 

5.000000        0.000000        0.000000        0.000000
0.000000        5.000000        0.000000        0.000000
0.000000        0.000000        5.000000        0.000000
0.000000        0.000000        0.000000        1.000000

2.414505	 0.000000	 0.000000	 0.000000	
0.000000	 2.414505	 0.000000	 0.000000	
0.000000	 0.000000	 -1.000992	 -1.000000	
0.000000	 0.000000	 -0.200073	 0.000000	

