***************************************************
vertex:
214.865723, 250.808105, 0.953415, 0.470520
214.782715, 254.677734, 0.953491, 0.469818
213.608398, 254.509277, 0.953491, 0.469849
***************************************************
vertex:
214.865723, 250.808105, 0.953415, 0.470520
213.608398, 254.509277, 0.953491, 0.469849
212.534180, 253.999023, 0.953476, 0.469879
***************************************************
vertex:
214.865723, 250.808105, 0.953415, 0.470520
212.534180, 253.999023, 0.953476, 0.469879
211.660156, 253.195801, 0.953476, 0.469894
***************************************************
vertex:
214.865723, 250.808105, 0.953415, 0.470520
211.660156, 253.195801, 0.953476, 0.469894
211.064453, 252.165527, 0.953476, 0.469910
***************************************************
vertex:
214.865723, 250.808105, 0.953415, 0.470520
211.064453, 252.165527, 0.953476, 0.469910
210.793457, 251.003418, 0.953476, 0.469910
***************************************************
vertex:
214.865723, 250.808105, 0.953415, 0.470520
210.793457, 251.003418, 0.953476, 0.469910
210.878906, 249.812012, 0.953476, 0.469910
***************************************************
vertex:
214.865723, 250.808105, 0.953415, 0.470520
210.878906, 249.812012, 0.953476, 0.469910
211.308594, 248.698730, 0.953476, 0.469879
***************************************************
vertex:
214.865723, 250.808105, 0.953415, 0.470520
211.308594, 248.698730, 0.953476, 0.469879
212.045898, 247.756348, 0.953491, 0.469849
***************************************************
vertex:
214.865723, 250.808105, 0.953415, 0.470520
212.045898, 247.756348, 0.953491, 0.469849
213.027344, 247.077637, 0.953491, 0.469818
***************************************************
vertex:
214.865723, 250.808105, 0.953415, 0.470520
213.027344, 247.077637, 0.953491, 0.469818
214.160156, 246.716309, 0.953491, 0.469788
***************************************************
vertex:
214.865723, 250.808105, 0.953415, 0.470520
214.160156, 246.716309, 0.953491, 0.469788
215.346680, 246.706543, 0.953491, 0.469742
***************************************************
vertex:
214.865723, 250.808105, 0.953415, 0.470520
215.346680, 246.706543, 0.953491, 0.469742
216.481934, 247.045898, 0.953491, 0.469711
***************************************************
vertex:
214.865723, 250.808105, 0.953415, 0.470520
216.481934, 247.045898, 0.953491, 0.469711
217.465820, 247.712402, 0.953506, 0.469681
***************************************************
vertex:
214.865723, 250.808105, 0.953415, 0.470520
217.465820, 247.712402, 0.953506, 0.469681
218.208008, 248.640137, 0.953506, 0.469666
***************************************************
vertex:
214.865723, 250.808105, 0.953415, 0.470520
218.208008, 248.640137, 0.953506, 0.469666
218.647461, 249.746094, 0.953506, 0.469666
***************************************************
vertex:
214.865723, 250.808105, 0.953415, 0.470520
218.647461, 249.746094, 0.953506, 0.469666
218.740234, 250.935059, 0.953506, 0.469666
***************************************************
vertex:
214.865723, 250.808105, 0.953415, 0.470520
218.740234, 250.935059, 0.953506, 0.469666
218.479004, 252.099609, 0.953506, 0.469681
***************************************************
vertex:
214.865723, 250.808105, 0.953415, 0.470520
218.479004, 252.099609, 0.953506, 0.469681
217.890625, 253.139648, 0.953491, 0.469711
***************************************************
vertex:
214.865723, 250.808105, 0.953415, 0.470520
217.890625, 253.139648, 0.953491, 0.469711
217.023926, 253.957520, 0.953491, 0.469742
***************************************************
vertex:
214.865723, 250.808105, 0.953415, 0.470520
217.023926, 253.957520, 0.953491, 0.469742
215.957031, 254.484863, 0.953491, 0.469772
***************************************************
vertex:
214.865723, 250.808105, 0.953415, 0.470520
215.957031, 254.484863, 0.953491, 0.469772
214.782715, 254.677734, 0.953491, 0.469818
***************************************************
vertex:
214.782715, 254.677734, 0.953491, 0.469818
214.504395, 257.890625, 0.953690, 0.467712
212.265625, 257.573242, 0.953690, 0.467789
***************************************************
vertex:
214.782715, 254.677734, 0.953491, 0.469818
212.265625, 257.573242, 0.953690, 0.467789
213.608398, 254.509277, 0.953491, 0.469849
***************************************************
vertex:
213.608398, 254.509277, 0.953491, 0.469849
212.265625, 257.573242, 0.953690, 0.467789
210.227051, 256.606445, 0.953690, 0.467834
***************************************************
vertex:
213.608398, 254.509277, 0.953491, 0.469849
210.227051, 256.606445, 0.953690, 0.467834
212.534180, 253.999023, 0.953476, 0.469879
***************************************************
vertex:
212.534180, 253.999023, 0.953476, 0.469879
210.227051, 256.606445, 0.953690, 0.467834
208.566895, 255.073242, 0.953674, 0.467880
***************************************************
vertex:
212.534180, 253.999023, 0.953476, 0.469879
208.566895, 255.073242, 0.953674, 0.467880
211.660156, 253.195801, 0.953476, 0.469894
***************************************************
vertex:
211.660156, 253.195801, 0.953476, 0.469894
208.566895, 255.073242, 0.953674, 0.467880
207.429199, 253.115234, 0.953674, 0.467896
***************************************************
vertex:
211.660156, 253.195801, 0.953476, 0.469894
207.429199, 253.115234, 0.953674, 0.467896
211.064453, 252.165527, 0.953476, 0.469910
***************************************************
vertex:
211.064453, 252.165527, 0.953476, 0.469910
207.429199, 253.115234, 0.953674, 0.467896
206.914062, 250.905762, 0.953674, 0.467896
***************************************************
vertex:
211.064453, 252.165527, 0.953476, 0.469910
206.914062, 250.905762, 0.953674, 0.467896
210.793457, 251.003418, 0.953476, 0.469910
***************************************************
vertex:
210.793457, 251.003418, 0.953476, 0.469910
206.914062, 250.905762, 0.953674, 0.467896
207.077637, 248.637695, 0.953674, 0.467880
***************************************************
vertex:
210.793457, 251.003418, 0.953476, 0.469910
207.077637, 248.637695, 0.953674, 0.467880
210.878906, 249.812012, 0.953476, 0.469910
***************************************************
vertex:
210.878906, 249.812012, 0.953476, 0.469910
207.077637, 248.637695, 0.953674, 0.467880
207.893066, 246.516113, 0.953690, 0.467834
***************************************************
vertex:
210.878906, 249.812012, 0.953476, 0.469910
207.893066, 246.516113, 0.953690, 0.467834
211.308594, 248.698730, 0.953476, 0.469879
***************************************************
vertex:
211.308594, 248.698730, 0.953476, 0.469879
207.893066, 246.516113, 0.953690, 0.467834
209.296875, 244.729004, 0.953690, 0.467789
***************************************************
vertex:
211.308594, 248.698730, 0.953476, 0.469879
209.296875, 244.729004, 0.953690, 0.467789
212.045898, 247.756348, 0.953491, 0.469849
***************************************************
vertex:
212.045898, 247.756348, 0.953491, 0.469849
209.296875, 244.729004, 0.953690, 0.467789
211.162109, 243.432617, 0.953690, 0.467712
***************************************************
vertex:
212.045898, 247.756348, 0.953491, 0.469849
211.162109, 243.432617, 0.953690, 0.467712
213.027344, 247.077637, 0.953491, 0.469818
***************************************************
vertex:
213.027344, 247.077637, 0.953491, 0.469818
211.162109, 243.432617, 0.953690, 0.467712
213.320312, 242.746582, 0.953705, 0.467651
***************************************************
vertex:
213.027344, 247.077637, 0.953491, 0.469818
213.320312, 242.746582, 0.953705, 0.467651
214.160156, 246.716309, 0.953491, 0.469788
***************************************************
vertex:
214.160156, 246.716309, 0.953491, 0.469788
213.320312, 242.746582, 0.953705, 0.467651
215.576172, 242.727051, 0.953705, 0.467575
***************************************************
vertex:
214.160156, 246.716309, 0.953491, 0.469788
215.576172, 242.727051, 0.953705, 0.467575
215.346680, 246.706543, 0.953491, 0.469742
***************************************************
vertex:
215.346680, 246.706543, 0.953491, 0.469742
215.576172, 242.727051, 0.953705, 0.467575
217.739258, 243.378906, 0.953720, 0.467514
***************************************************
vertex:
215.346680, 246.706543, 0.953491, 0.469742
217.739258, 243.378906, 0.953720, 0.467514
216.481934, 247.045898, 0.953491, 0.469711
***************************************************
vertex:
216.481934, 247.045898, 0.953491, 0.469711
217.739258, 243.378906, 0.953720, 0.467514
219.609375, 244.641113, 0.953720, 0.467468
***************************************************
vertex:
216.481934, 247.045898, 0.953491, 0.469711
219.609375, 244.641113, 0.953720, 0.467468
217.465820, 247.712402, 0.953506, 0.469681
***************************************************
vertex:
217.465820, 247.712402, 0.953506, 0.469681
219.609375, 244.641113, 0.953720, 0.467468
221.025391, 246.406250, 0.953720, 0.467438
***************************************************
vertex:
217.465820, 247.712402, 0.953506, 0.469681
221.025391, 246.406250, 0.953720, 0.467438
218.208008, 248.640137, 0.953506, 0.469666
***************************************************
vertex:
218.208008, 248.640137, 0.953506, 0.469666
221.025391, 246.406250, 0.953720, 0.467438
221.857910, 248.510742, 0.953720, 0.467422
***************************************************
vertex:
218.208008, 248.640137, 0.953506, 0.469666
221.857910, 248.510742, 0.953720, 0.467422
218.647461, 249.746094, 0.953506, 0.469666
***************************************************
vertex:
218.647461, 249.746094, 0.953506, 0.469666
221.857910, 248.510742, 0.953720, 0.467422
222.031250, 250.773926, 0.953720, 0.467438
***************************************************
vertex:
218.647461, 249.746094, 0.953506, 0.469666
222.031250, 250.773926, 0.953720, 0.467438
218.740234, 250.935059, 0.953506, 0.469666
***************************************************
vertex:
218.740234, 250.935059, 0.953506, 0.469666
222.031250, 250.773926, 0.953720, 0.467438
221.540527, 252.990723, 0.953720, 0.467468
***************************************************
vertex:
218.740234, 250.935059, 0.953506, 0.469666
221.540527, 252.990723, 0.953720, 0.467468
218.479004, 252.099609, 0.953506, 0.469681
***************************************************
vertex:
218.479004, 252.099609, 0.953506, 0.469681
221.540527, 252.990723, 0.953720, 0.467468
220.417480, 254.968262, 0.953720, 0.467514
***************************************************
vertex:
218.479004, 252.099609, 0.953506, 0.469681
220.417480, 254.968262, 0.953720, 0.467514
217.890625, 253.139648, 0.953491, 0.469711
***************************************************
vertex:
217.890625, 253.139648, 0.953491, 0.469711
220.417480, 254.968262, 0.953720, 0.467514
218.769531, 256.525879, 0.953720, 0.467575
***************************************************
vertex:
217.890625, 253.139648, 0.953491, 0.469711
218.769531, 256.525879, 0.953720, 0.467575
217.023926, 253.957520, 0.953491, 0.469742
***************************************************
vertex:
217.023926, 253.957520, 0.953491, 0.469742
218.769531, 256.525879, 0.953720, 0.467575
216.738281, 257.531738, 0.953705, 0.467651
***************************************************
vertex:
217.023926, 253.957520, 0.953491, 0.469742
216.738281, 257.531738, 0.953705, 0.467651
215.957031, 254.484863, 0.953491, 0.469772
***************************************************
vertex:
215.957031, 254.484863, 0.953491, 0.469772
216.738281, 257.531738, 0.953705, 0.467651
214.504395, 257.890625, 0.953690, 0.467712
***************************************************
vertex:
215.957031, 254.484863, 0.953491, 0.469772
214.504395, 257.890625, 0.953690, 0.467712
214.782715, 254.677734, 0.953491, 0.469818
***************************************************
vertex:
214.504395, 257.890625, 0.953690, 0.467712
214.062500, 260.151367, 0.954025, 0.464447
210.981445, 259.711914, 0.954010, 0.464539
***************************************************
vertex:
214.504395, 257.890625, 0.953690, 0.467712
210.981445, 259.711914, 0.954010, 0.464539
212.265625, 257.573242, 0.953690, 0.467789
***************************************************
vertex:
212.265625, 257.573242, 0.953690, 0.467789
210.981445, 259.711914, 0.954010, 0.464539
208.168945, 258.381348, 0.954010, 0.464615
***************************************************
vertex:
212.265625, 257.573242, 0.953690, 0.467789
208.168945, 258.381348, 0.954010, 0.464615
210.227051, 256.606445, 0.953690, 0.467834
***************************************************
vertex:
210.227051, 256.606445, 0.953690, 0.467834
208.168945, 258.381348, 0.954010, 0.464615
205.876465, 256.271973, 0.953995, 0.464661
***************************************************
vertex:
210.227051, 256.606445, 0.953690, 0.467834
205.876465, 256.271973, 0.953995, 0.464661
208.566895, 255.073242, 0.953674, 0.467880
***************************************************
vertex:
208.566895, 255.073242, 0.953674, 0.467880
205.876465, 256.271973, 0.953995, 0.464661
204.306641, 253.574219, 0.953995, 0.464691
***************************************************
vertex:
208.566895, 255.073242, 0.953674, 0.467880
204.306641, 253.574219, 0.953995, 0.464691
207.429199, 253.115234, 0.953674, 0.467896
***************************************************
vertex:
207.429199, 253.115234, 0.953674, 0.467896
204.306641, 253.574219, 0.953995, 0.464691
203.603516, 250.524902, 0.953995, 0.464691
***************************************************
vertex:
207.429199, 253.115234, 0.953674, 0.467896
203.603516, 250.524902, 0.953995, 0.464691
206.914062, 250.905762, 0.953674, 0.467896
***************************************************
vertex:
206.914062, 250.905762, 0.953674, 0.467896
203.603516, 250.524902, 0.953995, 0.464691
203.825684, 247.399902, 0.953995, 0.464661
***************************************************
vertex:
206.914062, 250.905762, 0.953674, 0.467896
203.825684, 247.399902, 0.953995, 0.464661
207.077637, 248.637695, 0.953674, 0.467880
***************************************************
vertex:
207.077637, 248.637695, 0.953674, 0.467880
203.825684, 247.399902, 0.953995, 0.464661
204.953613, 244.475098, 0.954010, 0.464615
***************************************************
vertex:
207.077637, 248.637695, 0.953674, 0.467880
204.953613, 244.475098, 0.954010, 0.464615
207.893066, 246.516113, 0.953690, 0.467834
***************************************************
vertex:
207.893066, 246.516113, 0.953690, 0.467834
204.953613, 244.475098, 0.954010, 0.464615
206.887207, 242.011719, 0.954010, 0.464539
***************************************************
vertex:
207.893066, 246.516113, 0.953690, 0.467834
206.887207, 242.011719, 0.954010, 0.464539
209.296875, 244.729004, 0.953690, 0.467789
***************************************************
vertex:
209.296875, 244.729004, 0.953690, 0.467789
206.887207, 242.011719, 0.954010, 0.464539
209.455566, 240.229492, 0.954025, 0.464447
***************************************************
vertex:
209.296875, 244.729004, 0.953690, 0.467789
209.455566, 240.229492, 0.954025, 0.464447
211.162109, 243.432617, 0.953690, 0.467712
***************************************************
vertex:
211.162109, 243.432617, 0.953690, 0.467712
209.455566, 240.229492, 0.954025, 0.464447
212.429199, 239.282227, 0.954025, 0.464355
***************************************************
vertex:
211.162109, 243.432617, 0.953690, 0.467712
212.429199, 239.282227, 0.954025, 0.464355
213.320312, 242.746582, 0.953705, 0.467651
***************************************************
vertex:
213.320312, 242.746582, 0.953705, 0.467651
212.429199, 239.282227, 0.954025, 0.464355
215.541992, 239.257812, 0.954041, 0.464264
***************************************************
vertex:
213.320312, 242.746582, 0.953705, 0.467651
215.541992, 239.257812, 0.954041, 0.464264
215.576172, 242.727051, 0.953705, 0.467575
***************************************************
vertex:
215.576172, 242.727051, 0.953705, 0.467575
215.541992, 239.257812, 0.954041, 0.464264
218.520508, 240.153809, 0.954056, 0.464172
***************************************************
vertex:
215.576172, 242.727051, 0.953705, 0.467575
218.520508, 240.153809, 0.954056, 0.464172
217.739258, 243.378906, 0.953720, 0.467514
***************************************************
vertex:
217.739258, 243.378906, 0.953720, 0.467514
218.520508, 240.153809, 0.954056, 0.464172
221.098633, 241.896973, 0.954056, 0.464111
***************************************************
vertex:
217.739258, 243.378906, 0.953720, 0.467514
221.098633, 241.896973, 0.954056, 0.464111
219.609375, 244.641113, 0.953720, 0.467468
***************************************************
vertex:
219.609375, 244.641113, 0.953720, 0.467468
221.098633, 241.896973, 0.954056, 0.464111
223.046875, 244.326172, 0.954071, 0.464066
***************************************************
vertex:
219.609375, 244.641113, 0.953720, 0.467468
223.046875, 244.326172, 0.954071, 0.464066
221.025391, 246.406250, 0.953720, 0.467438
***************************************************
vertex:
221.025391, 246.406250, 0.953720, 0.467438
223.046875, 244.326172, 0.954071, 0.464066
224.191895, 247.229004, 0.954071, 0.464050
***************************************************
vertex:
221.025391, 246.406250, 0.953720, 0.467438
224.191895, 247.229004, 0.954071, 0.464050
221.857910, 248.510742, 0.953720, 0.467422
***************************************************
vertex:
221.857910, 248.510742, 0.953720, 0.467422
224.191895, 247.229004, 0.954071, 0.464050
224.438477, 250.344238, 0.954071, 0.464066
***************************************************
vertex:
221.857910, 248.510742, 0.953720, 0.467422
224.438477, 250.344238, 0.954071, 0.464066
222.031250, 250.773926, 0.953720, 0.467438
***************************************************
vertex:
222.031250, 250.773926, 0.953720, 0.467438
224.438477, 250.344238, 0.954071, 0.464066
223.757324, 253.400879, 0.954056, 0.464111
***************************************************
vertex:
222.031250, 250.773926, 0.953720, 0.467438
223.757324, 253.400879, 0.954056, 0.464111
221.540527, 252.990723, 0.953720, 0.467468
***************************************************
vertex:
221.540527, 252.990723, 0.953720, 0.467468
223.757324, 253.400879, 0.954056, 0.464111
222.211914, 256.123047, 0.954056, 0.464172
***************************************************
vertex:
221.540527, 252.990723, 0.953720, 0.467468
222.211914, 256.123047, 0.954056, 0.464172
220.417480, 254.968262, 0.953720, 0.467514
***************************************************
vertex:
220.417480, 254.968262, 0.953720, 0.467514
222.211914, 256.123047, 0.954056, 0.464172
219.938965, 258.273926, 0.954041, 0.464249
***************************************************
vertex:
220.417480, 254.968262, 0.953720, 0.467514
219.938965, 258.273926, 0.954041, 0.464249
218.769531, 256.525879, 0.953720, 0.467575
***************************************************
vertex:
218.769531, 256.525879, 0.953720, 0.467575
219.938965, 258.273926, 0.954041, 0.464249
217.141113, 259.655762, 0.954025, 0.464340
***************************************************
vertex:
218.769531, 256.525879, 0.953720, 0.467575
217.141113, 259.655762, 0.954025, 0.464340
216.738281, 257.531738, 0.953705, 0.467651
***************************************************
vertex:
216.738281, 257.531738, 0.953705, 0.467651
217.141113, 259.655762, 0.954025, 0.464340
214.062500, 260.151367, 0.954025, 0.464447
***************************************************
vertex:
216.738281, 257.531738, 0.953705, 0.467651
214.062500, 260.151367, 0.954025, 0.464447
214.504395, 257.890625, 0.953690, 0.467712
***************************************************
vertex:
214.062500, 260.151367, 0.954025, 0.464447
213.505859, 261.267090, 0.954437, 0.460327
209.865723, 260.749512, 0.954422, 0.460434
***************************************************
vertex:
214.062500, 260.151367, 0.954025, 0.464447
209.865723, 260.749512, 0.954422, 0.460434
210.981445, 259.711914, 0.954010, 0.464539
***************************************************
vertex:
210.981445, 259.711914, 0.954010, 0.464539
209.865723, 260.749512, 0.954422, 0.460434
206.547852, 259.177246, 0.954422, 0.460526
***************************************************
vertex:
210.981445, 259.711914, 0.954010, 0.464539
206.547852, 259.177246, 0.954422, 0.460526
208.168945, 258.381348, 0.954010, 0.464615
***************************************************
vertex:
208.168945, 258.381348, 0.954010, 0.464615
206.547852, 259.177246, 0.954422, 0.460526
203.842773, 256.687012, 0.954407, 0.460587
***************************************************
vertex:
208.168945, 258.381348, 0.954010, 0.464615
203.842773, 256.687012, 0.954407, 0.460587
205.876465, 256.271973, 0.953995, 0.464661
***************************************************
vertex:
205.876465, 256.271973, 0.953995, 0.464661
203.842773, 256.687012, 0.954407, 0.460587
201.992188, 253.503418, 0.954407, 0.460617
***************************************************
vertex:
205.876465, 256.271973, 0.953995, 0.464661
201.992188, 253.503418, 0.954407, 0.460617
204.306641, 253.574219, 0.953995, 0.464691
***************************************************
vertex:
204.306641, 253.574219, 0.953995, 0.464691
201.992188, 253.503418, 0.954407, 0.460617
201.157227, 249.904785, 0.954407, 0.460617
***************************************************
vertex:
204.306641, 253.574219, 0.953995, 0.464691
201.157227, 249.904785, 0.954407, 0.460617
203.603516, 250.524902, 0.953995, 0.464691
***************************************************
vertex:
203.603516, 250.524902, 0.953995, 0.464691
201.157227, 249.904785, 0.954407, 0.460617
201.420898, 246.218262, 0.954407, 0.460587
***************************************************
vertex:
203.603516, 250.524902, 0.953995, 0.464691
201.420898, 246.218262, 0.954407, 0.460587
203.825684, 247.399902, 0.953995, 0.464661
***************************************************
vertex:
203.825684, 247.399902, 0.953995, 0.464661
201.420898, 246.218262, 0.954407, 0.460587
202.753906, 242.766113, 0.954422, 0.460526
***************************************************
vertex:
203.825684, 247.399902, 0.953995, 0.464661
202.753906, 242.766113, 0.954422, 0.460526
204.953613, 244.475098, 0.954010, 0.464615
***************************************************
vertex:
204.953613, 244.475098, 0.954010, 0.464615
202.753906, 242.766113, 0.954422, 0.460526
205.036621, 239.858398, 0.954422, 0.460449
***************************************************
vertex:
204.953613, 244.475098, 0.954010, 0.464615
205.036621, 239.858398, 0.954422, 0.460449
206.887207, 242.011719, 0.954010, 0.464539
***************************************************
vertex:
206.887207, 242.011719, 0.954010, 0.464539
205.036621, 239.858398, 0.954422, 0.460449
208.066406, 237.753906, 0.954437, 0.460342
***************************************************
vertex:
206.887207, 242.011719, 0.954010, 0.464539
208.066406, 237.753906, 0.954437, 0.460342
209.455566, 240.229492, 0.954025, 0.464447
***************************************************
vertex:
209.455566, 240.229492, 0.954025, 0.464447
208.066406, 237.753906, 0.954437, 0.460342
211.577148, 236.635742, 0.954453, 0.460220
***************************************************
vertex:
209.455566, 240.229492, 0.954025, 0.464447
211.577148, 236.635742, 0.954453, 0.460220
212.429199, 239.282227, 0.954025, 0.464355
***************************************************
vertex:
212.429199, 239.282227, 0.954025, 0.464355
211.577148, 236.635742, 0.954453, 0.460220
215.251465, 236.606445, 0.954453, 0.460114
***************************************************
vertex:
212.429199, 239.282227, 0.954025, 0.464355
215.251465, 236.606445, 0.954453, 0.460114
215.541992, 239.257812, 0.954041, 0.464264
***************************************************
vertex:
215.541992, 239.257812, 0.954041, 0.464264
215.251465, 236.606445, 0.954453, 0.460114
218.764648, 237.668457, 0.954468, 0.460022
***************************************************
vertex:
215.541992, 239.257812, 0.954041, 0.464264
218.764648, 237.668457, 0.954468, 0.460022
218.520508, 240.153809, 0.954056, 0.464172
***************************************************
vertex:
218.520508, 240.153809, 0.954056, 0.464172
218.764648, 237.668457, 0.954468, 0.460022
221.804199, 239.724121, 0.954483, 0.459946
***************************************************
vertex:
218.520508, 240.153809, 0.954056, 0.464172
221.804199, 239.724121, 0.954483, 0.459946
221.098633, 241.896973, 0.954056, 0.464111
***************************************************
vertex:
221.098633, 241.896973, 0.954056, 0.464111
221.804199, 239.724121, 0.954483, 0.459946
224.104004, 242.590332, 0.954483, 0.459885
***************************************************
vertex:
221.098633, 241.896973, 0.954056, 0.464111
224.104004, 242.590332, 0.954483, 0.459885
223.046875, 244.326172, 0.954071, 0.464066
***************************************************
vertex:
223.046875, 244.326172, 0.954071, 0.464066
224.104004, 242.590332, 0.954483, 0.459885
225.458984, 246.015625, 0.954483, 0.459869
***************************************************
vertex:
223.046875, 244.326172, 0.954071, 0.464066
225.458984, 246.015625, 0.954483, 0.459869
224.191895, 247.229004, 0.954071, 0.464050
***************************************************
vertex:
224.191895, 247.229004, 0.954071, 0.464050
225.458984, 246.015625, 0.954483, 0.459869
225.747070, 249.694824, 0.954483, 0.459885
***************************************************
vertex:
224.191895, 247.229004, 0.954071, 0.464050
225.747070, 249.694824, 0.954483, 0.459885
224.438477, 250.344238, 0.954071, 0.464066
***************************************************
vertex:
224.438477, 250.344238, 0.954071, 0.464066
225.747070, 249.694824, 0.954483, 0.459885
224.943848, 253.298340, 0.954483, 0.459930
***************************************************
vertex:
224.438477, 250.344238, 0.954071, 0.464066
224.943848, 253.298340, 0.954483, 0.459930
223.757324, 253.400879, 0.954056, 0.464111
***************************************************
vertex:
223.757324, 253.400879, 0.954056, 0.464111
224.943848, 253.298340, 0.954483, 0.459930
223.120117, 256.511230, 0.954468, 0.460007
***************************************************
vertex:
223.757324, 253.400879, 0.954056, 0.464111
223.120117, 256.511230, 0.954468, 0.460007
222.211914, 256.123047, 0.954056, 0.464172
***************************************************
vertex:
222.211914, 256.123047, 0.954056, 0.464172
223.120117, 256.511230, 0.954468, 0.460007
220.439453, 259.047852, 0.954453, 0.460114
***************************************************
vertex:
222.211914, 256.123047, 0.954056, 0.464172
220.439453, 259.047852, 0.954453, 0.460114
219.938965, 258.273926, 0.954041, 0.464249
***************************************************
vertex:
219.938965, 258.273926, 0.954041, 0.464249
220.439453, 259.047852, 0.954453, 0.460114
217.133789, 260.681152, 0.954453, 0.460220
***************************************************
vertex:
219.938965, 258.273926, 0.954041, 0.464249
217.133789, 260.681152, 0.954453, 0.460220
217.141113, 259.655762, 0.954025, 0.464340
***************************************************
vertex:
217.141113, 259.655762, 0.954025, 0.464340
217.133789, 260.681152, 0.954453, 0.460220
213.505859, 261.267090, 0.954437, 0.460327
***************************************************
vertex:
217.141113, 259.655762, 0.954025, 0.464340
213.505859, 261.267090, 0.954437, 0.460327
214.062500, 260.151367, 0.954025, 0.464447
***************************************************
vertex:
213.505859, 261.267090, 0.954437, 0.460327
212.880859, 261.159668, 0.954895, 0.455780
209.023438, 260.612793, 0.954880, 0.455887
***************************************************
vertex:
213.505859, 261.267090, 0.954437, 0.460327
209.023438, 260.612793, 0.954880, 0.455887
209.865723, 260.749512, 0.954422, 0.460434
***************************************************
vertex:
209.865723, 260.749512, 0.954422, 0.460434
209.023438, 260.612793, 0.954880, 0.455887
205.502930, 258.942871, 0.954865, 0.455978
***************************************************
vertex:
209.865723, 260.749512, 0.954422, 0.460434
205.502930, 258.942871, 0.954865, 0.455978
206.547852, 259.177246, 0.954422, 0.460526
***************************************************
vertex:
206.547852, 259.177246, 0.954422, 0.460526
205.502930, 258.942871, 0.954865, 0.455978
202.631836, 256.303711, 0.954865, 0.456055
***************************************************
vertex:
206.547852, 259.177246, 0.954422, 0.460526
202.631836, 256.303711, 0.954865, 0.456055
203.842773, 256.687012, 0.954407, 0.460587
***************************************************
vertex:
203.842773, 256.687012, 0.954407, 0.460587
202.631836, 256.303711, 0.954865, 0.456055
200.668945, 252.924805, 0.954865, 0.456085
***************************************************
vertex:
203.842773, 256.687012, 0.954407, 0.460587
200.668945, 252.924805, 0.954865, 0.456085
201.992188, 253.503418, 0.954407, 0.460617
***************************************************
vertex:
201.992188, 253.503418, 0.954407, 0.460617
200.668945, 252.924805, 0.954865, 0.456085
199.787598, 249.108887, 0.954865, 0.456085
***************************************************
vertex:
201.992188, 253.503418, 0.954407, 0.460617
199.787598, 249.108887, 0.954865, 0.456085
201.157227, 249.904785, 0.954407, 0.460617
***************************************************
vertex:
201.157227, 249.904785, 0.954407, 0.460617
199.787598, 249.108887, 0.954865, 0.456085
200.063477, 245.197754, 0.954865, 0.456055
***************************************************
vertex:
201.157227, 249.904785, 0.954407, 0.460617
200.063477, 245.197754, 0.954865, 0.456055
201.420898, 246.218262, 0.954407, 0.460587
***************************************************
vertex:
201.420898, 246.218262, 0.954407, 0.460587
200.063477, 245.197754, 0.954865, 0.456055
201.477051, 241.535645, 0.954865, 0.455994
***************************************************
vertex:
201.420898, 246.218262, 0.954407, 0.460587
201.477051, 241.535645, 0.954865, 0.455994
202.753906, 242.766113, 0.954422, 0.460526
***************************************************
vertex:
202.753906, 242.766113, 0.954422, 0.460526
201.477051, 241.535645, 0.954865, 0.455994
203.901367, 238.452148, 0.954880, 0.455902
***************************************************
vertex:
202.753906, 242.766113, 0.954422, 0.460526
203.901367, 238.452148, 0.954880, 0.455902
205.036621, 239.858398, 0.954422, 0.460449
***************************************************
vertex:
205.036621, 239.858398, 0.954422, 0.460449
203.901367, 238.452148, 0.954880, 0.455902
207.114258, 236.220703, 0.954895, 0.455780
***************************************************
vertex:
205.036621, 239.858398, 0.954422, 0.460449
207.114258, 236.220703, 0.954895, 0.455780
208.066406, 237.753906, 0.954437, 0.460342
***************************************************
vertex:
208.066406, 237.753906, 0.954437, 0.460342
207.114258, 236.220703, 0.954895, 0.455780
210.834961, 235.036621, 0.954895, 0.455673
***************************************************
vertex:
208.066406, 237.753906, 0.954437, 0.460342
210.834961, 235.036621, 0.954895, 0.455673
211.577148, 236.635742, 0.954453, 0.460220
***************************************************
vertex:
211.577148, 236.635742, 0.954453, 0.460220
210.834961, 235.036621, 0.954895, 0.455673
214.733887, 235.007324, 0.954910, 0.455551
***************************************************
vertex:
211.577148, 236.635742, 0.954453, 0.460220
214.733887, 235.007324, 0.954910, 0.455551
215.251465, 236.606445, 0.954453, 0.460114
***************************************************
vertex:
215.251465, 236.606445, 0.954453, 0.460114
214.733887, 235.007324, 0.954910, 0.455551
218.459473, 236.132812, 0.954926, 0.455444
***************************************************
vertex:
215.251465, 236.606445, 0.954453, 0.460114
218.459473, 236.132812, 0.954926, 0.455444
218.764648, 237.668457, 0.954468, 0.460022
***************************************************
vertex:
218.764648, 237.668457, 0.954468, 0.460022
218.459473, 236.132812, 0.954926, 0.455444
221.687012, 238.310547, 0.954926, 0.455368
***************************************************
vertex:
218.764648, 237.668457, 0.954468, 0.460022
221.687012, 238.310547, 0.954926, 0.455368
221.804199, 239.724121, 0.954483, 0.459946
***************************************************
vertex:
221.804199, 239.724121, 0.954483, 0.459946
221.687012, 238.310547, 0.954926, 0.455368
224.125977, 241.354980, 0.954941, 0.455322
***************************************************
vertex:
221.804199, 239.724121, 0.954483, 0.459946
224.125977, 241.354980, 0.954941, 0.455322
224.104004, 242.590332, 0.954483, 0.459885
***************************************************
vertex:
224.104004, 242.590332, 0.954483, 0.459885
224.125977, 241.354980, 0.954941, 0.455322
225.561523, 244.985352, 0.954941, 0.455292
***************************************************
vertex:
224.104004, 242.590332, 0.954483, 0.459885
225.561523, 244.985352, 0.954941, 0.455292
225.458984, 246.015625, 0.954483, 0.459869
***************************************************
vertex:
225.458984, 246.015625, 0.954483, 0.459869
225.561523, 244.985352, 0.954941, 0.455292
225.866699, 248.884277, 0.954941, 0.455307
***************************************************
vertex:
225.458984, 246.015625, 0.954483, 0.459869
225.866699, 248.884277, 0.954941, 0.455307
225.747070, 249.694824, 0.954483, 0.459885
***************************************************
vertex:
225.747070, 249.694824, 0.954483, 0.459885
225.866699, 248.884277, 0.954941, 0.455307
225.014648, 252.709961, 0.954926, 0.455368
***************************************************
vertex:
225.747070, 249.694824, 0.954483, 0.459885
225.014648, 252.709961, 0.954926, 0.455368
224.943848, 253.298340, 0.954483, 0.459930
***************************************************
vertex:
224.943848, 253.298340, 0.954483, 0.459930
225.014648, 252.709961, 0.954926, 0.455368
223.083496, 256.115723, 0.954926, 0.455444
***************************************************
vertex:
224.943848, 253.298340, 0.954483, 0.459930
223.083496, 256.115723, 0.954926, 0.455444
223.120117, 256.511230, 0.954468, 0.460007
***************************************************
vertex:
223.120117, 256.511230, 0.954468, 0.460007
223.083496, 256.115723, 0.954926, 0.455444
220.236816, 258.806152, 0.954910, 0.455551
***************************************************
vertex:
223.120117, 256.511230, 0.954468, 0.460007
220.236816, 258.806152, 0.954910, 0.455551
220.439453, 259.047852, 0.954453, 0.460114
***************************************************
vertex:
220.439453, 259.047852, 0.954453, 0.460114
220.236816, 258.806152, 0.954910, 0.455551
216.733398, 260.539551, 0.954895, 0.455658
***************************************************
vertex:
220.439453, 259.047852, 0.954453, 0.460114
216.733398, 260.539551, 0.954895, 0.455658
217.133789, 260.681152, 0.954453, 0.460220
***************************************************
vertex:
217.133789, 260.681152, 0.954453, 0.460220
216.733398, 260.539551, 0.954895, 0.455658
212.880859, 261.159668, 0.954895, 0.455780
***************************************************
vertex:
217.133789, 260.681152, 0.954453, 0.460220
212.880859, 261.159668, 0.954895, 0.455780
213.505859, 261.267090, 0.954437, 0.460327
***************************************************
vertex:
212.880859, 261.159668, 0.954895, 0.455780
212.253418, 259.877930, 0.955353, 0.451202
208.518066, 259.345703, 0.955338, 0.451309
***************************************************
vertex:
212.880859, 261.159668, 0.954895, 0.455780
208.518066, 259.345703, 0.955338, 0.451309
209.023438, 260.612793, 0.954880, 0.455887
***************************************************
vertex:
209.023438, 260.612793, 0.954880, 0.455887
208.518066, 259.345703, 0.955338, 0.451309
205.112305, 257.729492, 0.955322, 0.451401
***************************************************
vertex:
209.023438, 260.612793, 0.954880, 0.455887
205.112305, 257.729492, 0.955322, 0.451401
205.502930, 258.942871, 0.954865, 0.455978
***************************************************
vertex:
205.502930, 258.942871, 0.954865, 0.455978
205.112305, 257.729492, 0.955322, 0.451401
202.331543, 255.173340, 0.955322, 0.451477
***************************************************
vertex:
205.502930, 258.942871, 0.954865, 0.455978
202.331543, 255.173340, 0.955322, 0.451477
202.631836, 256.303711, 0.954865, 0.456055
***************************************************
vertex:
202.631836, 256.303711, 0.954865, 0.456055
202.331543, 255.173340, 0.955322, 0.451477
200.432129, 251.904297, 0.955322, 0.451508
***************************************************
vertex:
202.631836, 256.303711, 0.954865, 0.456055
200.432129, 251.904297, 0.955322, 0.451508
200.668945, 252.924805, 0.954865, 0.456085
***************************************************
vertex:
200.668945, 252.924805, 0.954865, 0.456085
200.432129, 251.904297, 0.955322, 0.451508
199.577637, 248.212891, 0.955322, 0.451508
***************************************************
vertex:
200.668945, 252.924805, 0.954865, 0.456085
199.577637, 248.212891, 0.955322, 0.451508
199.787598, 249.108887, 0.954865, 0.456085
***************************************************
vertex:
199.787598, 249.108887, 0.954865, 0.456085
199.577637, 248.212891, 0.955322, 0.451508
199.846191, 244.426270, 0.955322, 0.451477
***************************************************
vertex:
199.787598, 249.108887, 0.954865, 0.456085
199.846191, 244.426270, 0.955322, 0.451477
200.063477, 245.197754, 0.954865, 0.456055
***************************************************
vertex:
200.063477, 245.197754, 0.954865, 0.456055
199.846191, 244.426270, 0.955322, 0.451477
201.215820, 240.881348, 0.955322, 0.451401
***************************************************
vertex:
200.063477, 245.197754, 0.954865, 0.456055
201.215820, 240.881348, 0.955322, 0.451401
201.477051, 241.535645, 0.954865, 0.455994
***************************************************
vertex:
201.477051, 241.535645, 0.954865, 0.455994
201.215820, 240.881348, 0.955322, 0.451401
203.562012, 237.900391, 0.955338, 0.451324
***************************************************
vertex:
201.477051, 241.535645, 0.954865, 0.455994
203.562012, 237.900391, 0.955338, 0.451324
203.901367, 238.452148, 0.954880, 0.455902
***************************************************
vertex:
203.901367, 238.452148, 0.954880, 0.455902
203.562012, 237.900391, 0.955338, 0.451324
206.669922, 235.737305, 0.955353, 0.451218
***************************************************
vertex:
203.901367, 238.452148, 0.954880, 0.455902
206.669922, 235.737305, 0.955353, 0.451218
207.114258, 236.220703, 0.954895, 0.455780
***************************************************
vertex:
207.114258, 236.220703, 0.954895, 0.455780
206.669922, 235.737305, 0.955353, 0.451218
210.273438, 234.592285, 0.955368, 0.451096
***************************************************
vertex:
207.114258, 236.220703, 0.954895, 0.455780
210.273438, 234.592285, 0.955368, 0.451096
210.834961, 235.036621, 0.954895, 0.455673
***************************************************
vertex:
210.834961, 235.036621, 0.954895, 0.455673
210.273438, 234.592285, 0.955368, 0.451096
214.045410, 234.565430, 0.955368, 0.450989
***************************************************
vertex:
210.834961, 235.036621, 0.954895, 0.455673
214.045410, 234.565430, 0.955368, 0.450989
214.733887, 235.007324, 0.954910, 0.455551
***************************************************
vertex:
214.733887, 235.007324, 0.954910, 0.455551
214.045410, 234.565430, 0.955368, 0.450989
217.653809, 235.654297, 0.955383, 0.450897
***************************************************
vertex:
214.733887, 235.007324, 0.954910, 0.455551
217.653809, 235.654297, 0.955383, 0.450897
218.459473, 236.132812, 0.954926, 0.455444
***************************************************
vertex:
218.459473, 236.132812, 0.954926, 0.455444
217.653809, 235.654297, 0.955383, 0.450897
220.773926, 237.763672, 0.955383, 0.450821
***************************************************
vertex:
218.459473, 236.132812, 0.954926, 0.455444
220.773926, 237.763672, 0.955383, 0.450821
221.687012, 238.310547, 0.954926, 0.455368
***************************************************
vertex:
221.687012, 238.310547, 0.954926, 0.455368
220.773926, 237.763672, 0.955383, 0.450821
223.137207, 240.705566, 0.955399, 0.450760
***************************************************
vertex:
221.687012, 238.310547, 0.954926, 0.455368
223.137207, 240.705566, 0.955399, 0.450760
224.125977, 241.354980, 0.954941, 0.455322
***************************************************
vertex:
224.125977, 241.354980, 0.954941, 0.455322
223.137207, 240.705566, 0.955399, 0.450760
224.526367, 244.221191, 0.955399, 0.450745
***************************************************
vertex:
224.125977, 241.354980, 0.954941, 0.455322
224.526367, 244.221191, 0.955399, 0.450745
225.561523, 244.985352, 0.954941, 0.455292
***************************************************
vertex:
225.561523, 244.985352, 0.954941, 0.455292
224.526367, 244.221191, 0.955399, 0.450745
224.819336, 247.995605, 0.955399, 0.450760
***************************************************
vertex:
225.561523, 244.985352, 0.954941, 0.455292
224.819336, 247.995605, 0.955399, 0.450760
225.866699, 248.884277, 0.954941, 0.455307
***************************************************
vertex:
225.866699, 248.884277, 0.954941, 0.455307
224.819336, 247.995605, 0.955399, 0.450760
223.999023, 251.699219, 0.955383, 0.450806
***************************************************
vertex:
225.866699, 248.884277, 0.954941, 0.455307
223.999023, 251.699219, 0.955383, 0.450806
225.014648, 252.709961, 0.954926, 0.455368
***************************************************
vertex:
225.014648, 252.709961, 0.954926, 0.455368
223.999023, 251.699219, 0.955383, 0.450806
222.126465, 254.997559, 0.955383, 0.450882
***************************************************
vertex:
225.014648, 252.709961, 0.954926, 0.455368
222.126465, 254.997559, 0.955383, 0.450882
223.083496, 256.115723, 0.954926, 0.455444
***************************************************
vertex:
223.083496, 256.115723, 0.954926, 0.455444
222.126465, 254.997559, 0.955383, 0.450882
219.372559, 257.600098, 0.955368, 0.450989
***************************************************
vertex:
223.083496, 256.115723, 0.954926, 0.455444
219.372559, 257.600098, 0.955368, 0.450989
220.236816, 258.806152, 0.954910, 0.455551
***************************************************
vertex:
220.236816, 258.806152, 0.954910, 0.455551
219.372559, 257.600098, 0.955368, 0.450989
215.981445, 259.274902, 0.955368, 0.451096
***************************************************
vertex:
220.236816, 258.806152, 0.954910, 0.455551
215.981445, 259.274902, 0.955368, 0.451096
216.733398, 260.539551, 0.954895, 0.455658
***************************************************
vertex:
216.733398, 260.539551, 0.954895, 0.455658
215.981445, 259.274902, 0.955368, 0.451096
212.253418, 259.877930, 0.955353, 0.451202
***************************************************
vertex:
216.733398, 260.539551, 0.954895, 0.455658
212.253418, 259.877930, 0.955353, 0.451202
212.880859, 261.159668, 0.954895, 0.455780
***************************************************
vertex:
212.253418, 259.877930, 0.955353, 0.451202
211.674805, 257.563477, 0.955765, 0.447021
208.386230, 257.094727, 0.955765, 0.447113
***************************************************
vertex:
212.253418, 259.877930, 0.955353, 0.451202
208.386230, 257.094727, 0.955765, 0.447113
208.518066, 259.345703, 0.955338, 0.451309
***************************************************
vertex:
208.518066, 259.345703, 0.955338, 0.451309
208.386230, 257.094727, 0.955765, 0.447113
205.390625, 255.673828, 0.955750, 0.447189
***************************************************
vertex:
208.518066, 259.345703, 0.955338, 0.451309
205.390625, 255.673828, 0.955750, 0.447189
205.112305, 257.729492, 0.955322, 0.451401
***************************************************
vertex:
205.112305, 257.729492, 0.955322, 0.451401
205.390625, 255.673828, 0.955750, 0.447189
202.941895, 253.422852, 0.955750, 0.447235
***************************************************
vertex:
205.112305, 257.729492, 0.955322, 0.451401
202.941895, 253.422852, 0.955750, 0.447235
202.331543, 255.173340, 0.955322, 0.451477
***************************************************
vertex:
202.331543, 255.173340, 0.955322, 0.451477
202.941895, 253.422852, 0.955750, 0.447235
201.271973, 250.546875, 0.955750, 0.447266
***************************************************
vertex:
202.331543, 255.173340, 0.955322, 0.451477
201.271973, 250.546875, 0.955750, 0.447266
200.432129, 251.904297, 0.955322, 0.451508
***************************************************
vertex:
200.432129, 251.904297, 0.955322, 0.451508
201.271973, 250.546875, 0.955750, 0.447266
200.520020, 247.297363, 0.955750, 0.447266
***************************************************
vertex:
200.432129, 251.904297, 0.955322, 0.451508
200.520020, 247.297363, 0.955750, 0.447266
199.577637, 248.212891, 0.955322, 0.451508
***************************************************
vertex:
199.577637, 248.212891, 0.955322, 0.451508
200.520020, 247.297363, 0.955750, 0.447266
200.754395, 243.964844, 0.955750, 0.447250
***************************************************
vertex:
199.577637, 248.212891, 0.955322, 0.451508
200.754395, 243.964844, 0.955750, 0.447250
199.846191, 244.426270, 0.955322, 0.451477
***************************************************
vertex:
199.846191, 244.426270, 0.955322, 0.451477
200.754395, 243.964844, 0.955750, 0.447250
201.960449, 240.847168, 0.955750, 0.447189
***************************************************
vertex:
199.846191, 244.426270, 0.955322, 0.451477
201.960449, 240.847168, 0.955750, 0.447189
201.215820, 240.881348, 0.955322, 0.451401
***************************************************
vertex:
201.215820, 240.881348, 0.955322, 0.451401
201.960449, 240.847168, 0.955750, 0.447189
204.023438, 238.222656, 0.955765, 0.447113
***************************************************
vertex:
201.215820, 240.881348, 0.955322, 0.451401
204.023438, 238.222656, 0.955765, 0.447113
203.562012, 237.900391, 0.955338, 0.451324
***************************************************
vertex:
203.562012, 237.900391, 0.955338, 0.451324
204.023438, 238.222656, 0.955765, 0.447113
206.760254, 236.320801, 0.955765, 0.447021
***************************************************
vertex:
203.562012, 237.900391, 0.955338, 0.451324
206.760254, 236.320801, 0.955765, 0.447021
206.669922, 235.737305, 0.955353, 0.451218
***************************************************
vertex:
206.669922, 235.737305, 0.955353, 0.451218
206.760254, 236.320801, 0.955765, 0.447021
209.934082, 235.312500, 0.955780, 0.446915
***************************************************
vertex:
206.669922, 235.737305, 0.955353, 0.451218
209.934082, 235.312500, 0.955780, 0.446915
210.273438, 234.592285, 0.955368, 0.451096
***************************************************
vertex:
210.273438, 234.592285, 0.955368, 0.451096
209.934082, 235.312500, 0.955780, 0.446915
213.251953, 235.285645, 0.955780, 0.446823
***************************************************
vertex:
210.273438, 234.592285, 0.955368, 0.451096
213.251953, 235.285645, 0.955780, 0.446823
214.045410, 234.565430, 0.955368, 0.450989
***************************************************
vertex:
214.045410, 234.565430, 0.955368, 0.450989
213.251953, 235.285645, 0.955780, 0.446823
216.425781, 236.245117, 0.955795, 0.446747
***************************************************
vertex:
214.045410, 234.565430, 0.955368, 0.450989
216.425781, 236.245117, 0.955795, 0.446747
217.653809, 235.654297, 0.955383, 0.450897
***************************************************
vertex:
217.653809, 235.654297, 0.955383, 0.450897
216.425781, 236.245117, 0.955795, 0.446747
219.174805, 238.100586, 0.955795, 0.446671
***************************************************
vertex:
217.653809, 235.654297, 0.955383, 0.450897
219.174805, 238.100586, 0.955795, 0.446671
220.773926, 237.763672, 0.955383, 0.450821
***************************************************
vertex:
220.773926, 237.763672, 0.955383, 0.450821
219.174805, 238.100586, 0.955795, 0.446671
221.252441, 240.690918, 0.955811, 0.446625
***************************************************
vertex:
220.773926, 237.763672, 0.955383, 0.450821
221.252441, 240.690918, 0.955811, 0.446625
223.137207, 240.705566, 0.955399, 0.450760
***************************************************
vertex:
223.137207, 240.705566, 0.955399, 0.450760
221.252441, 240.690918, 0.955811, 0.446625
222.475586, 243.784180, 0.955811, 0.446609
***************************************************
vertex:
223.137207, 240.705566, 0.955399, 0.450760
222.475586, 243.784180, 0.955811, 0.446609
224.526367, 244.221191, 0.955399, 0.450745
***************************************************
vertex:
224.526367, 244.221191, 0.955399, 0.450745
222.475586, 243.784180, 0.955811, 0.446609
222.736816, 247.109375, 0.955811, 0.446625
***************************************************
vertex:
224.526367, 244.221191, 0.955399, 0.450745
222.736816, 247.109375, 0.955811, 0.446625
224.819336, 247.995605, 0.955399, 0.450760
***************************************************
vertex:
224.819336, 247.995605, 0.955399, 0.450760
222.736816, 247.109375, 0.955811, 0.446625
222.009277, 250.363770, 0.955795, 0.446671
***************************************************
vertex:
224.819336, 247.995605, 0.955399, 0.450760
222.009277, 250.363770, 0.955795, 0.446671
223.999023, 251.699219, 0.955383, 0.450806
***************************************************
vertex:
223.999023, 251.699219, 0.955383, 0.450806
222.009277, 250.363770, 0.955795, 0.446671
220.363770, 253.269043, 0.955795, 0.446732
***************************************************
vertex:
223.999023, 251.699219, 0.955383, 0.450806
220.363770, 253.269043, 0.955795, 0.446732
222.126465, 254.997559, 0.955383, 0.450882
***************************************************
vertex:
222.126465, 254.997559, 0.955383, 0.450882
220.363770, 253.269043, 0.955795, 0.446732
217.939453, 255.561523, 0.955780, 0.446823
***************************************************
vertex:
222.126465, 254.997559, 0.955383, 0.450882
217.939453, 255.561523, 0.955780, 0.446823
219.372559, 257.600098, 0.955368, 0.450989
***************************************************
vertex:
219.372559, 257.600098, 0.955368, 0.450989
217.939453, 255.561523, 0.955780, 0.446823
214.953613, 257.036133, 0.955780, 0.446915
***************************************************
vertex:
219.372559, 257.600098, 0.955368, 0.450989
214.953613, 257.036133, 0.955780, 0.446915
215.981445, 259.274902, 0.955368, 0.451096
***************************************************
vertex:
215.981445, 259.274902, 0.955368, 0.451096
214.953613, 257.036133, 0.955780, 0.446915
211.674805, 257.563477, 0.955765, 0.447021
***************************************************
vertex:
215.981445, 259.274902, 0.955368, 0.451096
211.674805, 257.563477, 0.955765, 0.447021
212.253418, 259.877930, 0.955353, 0.451202
***************************************************
vertex:
211.674805, 257.563477, 0.955765, 0.447021
211.191406, 254.438477, 0.956116, 0.443542
208.630371, 254.074707, 0.956100, 0.443619
***************************************************
vertex:
211.674805, 257.563477, 0.955765, 0.447021
208.630371, 254.074707, 0.956100, 0.443619
208.386230, 257.094727, 0.955765, 0.447113
***************************************************
vertex:
208.386230, 257.094727, 0.955765, 0.447113
208.630371, 254.074707, 0.956100, 0.443619
206.291504, 252.968750, 0.956100, 0.443680
***************************************************
vertex:
208.386230, 257.094727, 0.955765, 0.447113
206.291504, 252.968750, 0.956100, 0.443680
205.390625, 255.673828, 0.955750, 0.447189
***************************************************
vertex:
205.390625, 255.673828, 0.955750, 0.447189
206.291504, 252.968750, 0.956100, 0.443680
204.389648, 251.215820, 0.956100, 0.443726
***************************************************
vertex:
205.390625, 255.673828, 0.955750, 0.447189
204.389648, 251.215820, 0.956100, 0.443726
202.941895, 253.422852, 0.955750, 0.447235
***************************************************
vertex:
202.941895, 253.422852, 0.955750, 0.447235
204.389648, 251.215820, 0.956100, 0.443726
203.083496, 248.972168, 0.956100, 0.443741
***************************************************
vertex:
202.941895, 253.422852, 0.955750, 0.447235
203.083496, 248.972168, 0.956100, 0.443741
201.271973, 250.546875, 0.955750, 0.447266
***************************************************
vertex:
201.271973, 250.546875, 0.955750, 0.447266
203.083496, 248.972168, 0.956100, 0.443741
202.500000, 246.440430, 0.956100, 0.443741
***************************************************
vertex:
201.271973, 250.546875, 0.955750, 0.447266
202.500000, 246.440430, 0.956100, 0.443741
200.520020, 247.297363, 0.955750, 0.447266
***************************************************
vertex:
200.520020, 247.297363, 0.955750, 0.447266
202.500000, 246.440430, 0.956100, 0.443741
202.683105, 243.845215, 0.956100, 0.443726
***************************************************
vertex:
200.520020, 247.297363, 0.955750, 0.447266
202.683105, 243.845215, 0.956100, 0.443726
200.754395, 243.964844, 0.955750, 0.447250
***************************************************
vertex:
200.754395, 243.964844, 0.955750, 0.447250
202.683105, 243.845215, 0.956100, 0.443726
203.620605, 241.416016, 0.956100, 0.443680
***************************************************
vertex:
200.754395, 243.964844, 0.955750, 0.447250
203.620605, 241.416016, 0.956100, 0.443680
201.960449, 240.847168, 0.955750, 0.447189
***************************************************
vertex:
201.960449, 240.847168, 0.955750, 0.447189
203.620605, 241.416016, 0.956100, 0.443680
205.229492, 239.370117, 0.956100, 0.443619
***************************************************
vertex:
201.960449, 240.847168, 0.955750, 0.447189
205.229492, 239.370117, 0.956100, 0.443619
204.023438, 238.222656, 0.955765, 0.447113
***************************************************
vertex:
204.023438, 238.222656, 0.955765, 0.447113
205.229492, 239.370117, 0.956100, 0.443619
207.363281, 237.888184, 0.956116, 0.443558
***************************************************
vertex:
204.023438, 238.222656, 0.955765, 0.447113
207.363281, 237.888184, 0.956116, 0.443558
206.760254, 236.320801, 0.955765, 0.447021
***************************************************
vertex:
206.760254, 236.320801, 0.955765, 0.447021
207.363281, 237.888184, 0.956116, 0.443558
209.833984, 237.102051, 0.956116, 0.443481
***************************************************
vertex:
206.760254, 236.320801, 0.955765, 0.447021
209.833984, 237.102051, 0.956116, 0.443481
209.934082, 235.312500, 0.955780, 0.446915
***************************************************
vertex:
209.934082, 235.312500, 0.955780, 0.446915
209.833984, 237.102051, 0.956116, 0.443481
212.419434, 237.082520, 0.956131, 0.443405
***************************************************
vertex:
209.934082, 235.312500, 0.955780, 0.446915
212.419434, 237.082520, 0.956131, 0.443405
213.251953, 235.285645, 0.955780, 0.446823
***************************************************
vertex:
213.251953, 235.285645, 0.955780, 0.446823
212.419434, 237.082520, 0.956131, 0.443405
214.895020, 237.827148, 0.956131, 0.443329
***************************************************
vertex:
213.251953, 235.285645, 0.955780, 0.446823
214.895020, 237.827148, 0.956131, 0.443329
216.425781, 236.245117, 0.955795, 0.446747
***************************************************
vertex:
216.425781, 236.245117, 0.955795, 0.446747
214.895020, 237.827148, 0.956131, 0.443329
217.036133, 239.274902, 0.956146, 0.443283
***************************************************
vertex:
216.425781, 236.245117, 0.955795, 0.446747
217.036133, 239.274902, 0.956146, 0.443283
219.174805, 238.100586, 0.955795, 0.446671
***************************************************
vertex:
219.174805, 238.100586, 0.955795, 0.446671
217.036133, 239.274902, 0.956146, 0.443283
218.657227, 241.293945, 0.956146, 0.443253
***************************************************
vertex:
219.174805, 238.100586, 0.955795, 0.446671
218.657227, 241.293945, 0.956146, 0.443253
221.252441, 240.690918, 0.955811, 0.446625
***************************************************
vertex:
221.252441, 240.690918, 0.955811, 0.446625
218.657227, 241.293945, 0.956146, 0.443253
219.609375, 243.706055, 0.956146, 0.443237
***************************************************
vertex:
221.252441, 240.690918, 0.955811, 0.446625
219.609375, 243.706055, 0.956146, 0.443237
222.475586, 243.784180, 0.955811, 0.446609
***************************************************
vertex:
222.475586, 243.784180, 0.955811, 0.446609
219.609375, 243.706055, 0.956146, 0.443237
219.814453, 246.293945, 0.956146, 0.443253
***************************************************
vertex:
222.475586, 243.784180, 0.955811, 0.446609
219.814453, 246.293945, 0.956146, 0.443253
222.736816, 247.109375, 0.955811, 0.446625
***************************************************
vertex:
222.736816, 247.109375, 0.955811, 0.446625
219.814453, 246.293945, 0.956146, 0.443253
219.248047, 248.833008, 0.956146, 0.443283
***************************************************
vertex:
222.736816, 247.109375, 0.955811, 0.446625
219.248047, 248.833008, 0.956146, 0.443283
222.009277, 250.363770, 0.955795, 0.446671
***************************************************
vertex:
222.009277, 250.363770, 0.955795, 0.446671
219.248047, 248.833008, 0.956146, 0.443283
217.963867, 251.096191, 0.956131, 0.443329
***************************************************
vertex:
222.009277, 250.363770, 0.955795, 0.446671
217.963867, 251.096191, 0.956131, 0.443329
220.363770, 253.269043, 0.955795, 0.446732
***************************************************
vertex:
220.363770, 253.269043, 0.955795, 0.446732
217.963867, 251.096191, 0.956131, 0.443329
216.074219, 252.880859, 0.956131, 0.443390
***************************************************
vertex:
220.363770, 253.269043, 0.955795, 0.446732
216.074219, 252.880859, 0.956131, 0.443390
217.939453, 255.561523, 0.955780, 0.446823
***************************************************
vertex:
217.939453, 255.561523, 0.955780, 0.446823
216.074219, 252.880859, 0.956131, 0.443390
213.750000, 254.030762, 0.956116, 0.443466
***************************************************
vertex:
217.939453, 255.561523, 0.955780, 0.446823
213.750000, 254.030762, 0.956116, 0.443466
214.953613, 257.036133, 0.955780, 0.446915
***************************************************
vertex:
214.953613, 257.036133, 0.955780, 0.446915
213.750000, 254.030762, 0.956116, 0.443466
211.191406, 254.438477, 0.956116, 0.443542
***************************************************
vertex:
214.953613, 257.036133, 0.955780, 0.446915
211.191406, 254.438477, 0.956116, 0.443542
211.674805, 257.563477, 0.955765, 0.447021
***************************************************
vertex:
211.191406, 254.438477, 0.956116, 0.443542
210.842285, 250.786133, 0.956360, 0.441071
209.216309, 250.556641, 0.956360, 0.441116
***************************************************
vertex:
211.191406, 254.438477, 0.956116, 0.443542
209.216309, 250.556641, 0.956360, 0.441116
208.630371, 254.074707, 0.956100, 0.443619
***************************************************
vertex:
208.630371, 254.074707, 0.956100, 0.443619
209.216309, 250.556641, 0.956360, 0.441116
207.736816, 249.851074, 0.956360, 0.441162
***************************************************
vertex:
208.630371, 254.074707, 0.956100, 0.443619
207.736816, 249.851074, 0.956360, 0.441162
206.291504, 252.968750, 0.956100, 0.443680
***************************************************
vertex:
206.291504, 252.968750, 0.956100, 0.443680
207.736816, 249.851074, 0.956360, 0.441162
206.528320, 248.740234, 0.956345, 0.441177
***************************************************
vertex:
206.291504, 252.968750, 0.956100, 0.443680
206.528320, 248.740234, 0.956345, 0.441177
204.389648, 251.215820, 0.956100, 0.443726
***************************************************
vertex:
204.389648, 251.215820, 0.956100, 0.443726
206.528320, 248.740234, 0.956345, 0.441177
205.703125, 247.316895, 0.956345, 0.441193
***************************************************
vertex:
204.389648, 251.215820, 0.956100, 0.443726
205.703125, 247.316895, 0.956345, 0.441193
203.083496, 248.972168, 0.956100, 0.443741
***************************************************
vertex:
203.083496, 248.972168, 0.956100, 0.443741
205.703125, 247.316895, 0.956345, 0.441193
205.329590, 245.712891, 0.956345, 0.441193
***************************************************
vertex:
203.083496, 248.972168, 0.956100, 0.443741
205.329590, 245.712891, 0.956345, 0.441193
202.500000, 246.440430, 0.956100, 0.443741
***************************************************
vertex:
202.500000, 246.440430, 0.956100, 0.443741
205.329590, 245.712891, 0.956345, 0.441193
205.446777, 244.067383, 0.956345, 0.441177
***************************************************
vertex:
202.500000, 246.440430, 0.956100, 0.443741
205.446777, 244.067383, 0.956345, 0.441177
202.683105, 243.845215, 0.956100, 0.443726
***************************************************
vertex:
202.683105, 243.845215, 0.956100, 0.443726
205.446777, 244.067383, 0.956345, 0.441177
206.040039, 242.524414, 0.956360, 0.441162
***************************************************
vertex:
202.683105, 243.845215, 0.956100, 0.443726
206.040039, 242.524414, 0.956360, 0.441162
203.620605, 241.416016, 0.956100, 0.443680
***************************************************
vertex:
203.620605, 241.416016, 0.956100, 0.443680
206.040039, 242.524414, 0.956360, 0.441162
207.062988, 241.228027, 0.956360, 0.441116
***************************************************
vertex:
203.620605, 241.416016, 0.956100, 0.443680
207.062988, 241.228027, 0.956360, 0.441116
205.229492, 239.370117, 0.956100, 0.443619
***************************************************
vertex:
205.229492, 239.370117, 0.956100, 0.443619
207.062988, 241.228027, 0.956360, 0.441116
208.415527, 240.285645, 0.956360, 0.441071
***************************************************
vertex:
205.229492, 239.370117, 0.956100, 0.443619
208.415527, 240.285645, 0.956360, 0.441071
207.363281, 237.888184, 0.956116, 0.443558
***************************************************
vertex:
207.363281, 237.888184, 0.956116, 0.443558
208.415527, 240.285645, 0.956360, 0.441071
209.982910, 239.787598, 0.956360, 0.441025
***************************************************
vertex:
207.363281, 237.888184, 0.956116, 0.443558
209.982910, 239.787598, 0.956360, 0.441025
209.833984, 237.102051, 0.956116, 0.443481
***************************************************
vertex:
209.833984, 237.102051, 0.956116, 0.443481
209.982910, 239.787598, 0.956360, 0.441025
211.621094, 239.775391, 0.956375, 0.440979
***************************************************
vertex:
209.833984, 237.102051, 0.956116, 0.443481
211.621094, 239.775391, 0.956375, 0.440979
212.419434, 237.082520, 0.956131, 0.443405
***************************************************
vertex:
212.419434, 237.082520, 0.956131, 0.443405
211.621094, 239.775391, 0.956375, 0.440979
213.190918, 240.249023, 0.956375, 0.440933
***************************************************
vertex:
212.419434, 237.082520, 0.956131, 0.443405
213.190918, 240.249023, 0.956375, 0.440933
214.895020, 237.827148, 0.956131, 0.443329
***************************************************
vertex:
214.895020, 237.827148, 0.956131, 0.443329
213.190918, 240.249023, 0.956375, 0.440933
214.553223, 241.166992, 0.956375, 0.440903
***************************************************
vertex:
214.895020, 237.827148, 0.956131, 0.443329
214.553223, 241.166992, 0.956375, 0.440903
217.036133, 239.274902, 0.956146, 0.443283
***************************************************
vertex:
217.036133, 239.274902, 0.956146, 0.443283
214.553223, 241.166992, 0.956375, 0.440903
215.578613, 242.446289, 0.956375, 0.440887
***************************************************
vertex:
217.036133, 239.274902, 0.956146, 0.443283
215.578613, 242.446289, 0.956375, 0.440887
218.657227, 241.293945, 0.956146, 0.443253
***************************************************
vertex:
218.657227, 241.293945, 0.956146, 0.443253
215.578613, 242.446289, 0.956375, 0.440887
216.184082, 243.977051, 0.956375, 0.440872
***************************************************
vertex:
218.657227, 241.293945, 0.956146, 0.443253
216.184082, 243.977051, 0.956375, 0.440872
219.609375, 243.706055, 0.956146, 0.443237
***************************************************
vertex:
219.609375, 243.706055, 0.956146, 0.443237
216.184082, 243.977051, 0.956375, 0.440872
216.313477, 245.620117, 0.956375, 0.440887
***************************************************
vertex:
219.609375, 243.706055, 0.956146, 0.443237
216.313477, 245.620117, 0.956375, 0.440887
219.814453, 246.293945, 0.956146, 0.443253
***************************************************
vertex:
219.814453, 246.293945, 0.956146, 0.443253
216.313477, 245.620117, 0.956375, 0.440887
215.952148, 247.231445, 0.956375, 0.440903
***************************************************
vertex:
219.814453, 246.293945, 0.956146, 0.443253
215.952148, 247.231445, 0.956375, 0.440903
219.248047, 248.833008, 0.956146, 0.443283
***************************************************
vertex:
219.248047, 248.833008, 0.956146, 0.443283
215.952148, 247.231445, 0.956375, 0.440903
215.139160, 248.666992, 0.956375, 0.440933
***************************************************
vertex:
219.248047, 248.833008, 0.956146, 0.443283
215.139160, 248.666992, 0.956375, 0.440933
217.963867, 251.096191, 0.956131, 0.443329
***************************************************
vertex:
217.963867, 251.096191, 0.956131, 0.443329
215.139160, 248.666992, 0.956375, 0.440933
213.940430, 249.799805, 0.956375, 0.440979
***************************************************
vertex:
217.963867, 251.096191, 0.956131, 0.443329
213.940430, 249.799805, 0.956375, 0.440979
216.074219, 252.880859, 0.956131, 0.443390
***************************************************
vertex:
216.074219, 252.880859, 0.956131, 0.443390
213.940430, 249.799805, 0.956375, 0.440979
212.465820, 250.527344, 0.956375, 0.441025
***************************************************
vertex:
216.074219, 252.880859, 0.956131, 0.443390
212.465820, 250.527344, 0.956375, 0.441025
213.750000, 254.030762, 0.956116, 0.443466
***************************************************
vertex:
213.750000, 254.030762, 0.956116, 0.443466
212.465820, 250.527344, 0.956375, 0.441025
210.842285, 250.786133, 0.956360, 0.441071
***************************************************
vertex:
213.750000, 254.030762, 0.956116, 0.443466
210.842285, 250.786133, 0.956360, 0.441071
211.191406, 254.438477, 0.956116, 0.443542
***************************************************
vertex:
210.627441, 244.982910, 0.956512, 0.439606
209.216309, 250.556641, 0.956360, 0.441116
210.842285, 250.786133, 0.956360, 0.441071
***************************************************
vertex:
210.627441, 244.982910, 0.956512, 0.439606
207.736816, 249.851074, 0.956360, 0.441162
209.216309, 250.556641, 0.956360, 0.441116
***************************************************
vertex:
210.627441, 244.982910, 0.956512, 0.439606
206.528320, 248.740234, 0.956345, 0.441177
207.736816, 249.851074, 0.956360, 0.441162
***************************************************
vertex:
210.627441, 244.982910, 0.956512, 0.439606
205.703125, 247.316895, 0.956345, 0.441193
206.528320, 248.740234, 0.956345, 0.441177
***************************************************
vertex:
210.627441, 244.982910, 0.956512, 0.439606
205.329590, 245.712891, 0.956345, 0.441193
205.703125, 247.316895, 0.956345, 0.441193
***************************************************
vertex:
210.627441, 244.982910, 0.956512, 0.439606
205.446777, 244.067383, 0.956345, 0.441177
205.329590, 245.712891, 0.956345, 0.441193
***************************************************
vertex:
210.627441, 244.982910, 0.956512, 0.439606
206.040039, 242.524414, 0.956360, 0.441162
205.446777, 244.067383, 0.956345, 0.441177
***************************************************
vertex:
210.627441, 244.982910, 0.956512, 0.439606
207.062988, 241.228027, 0.956360, 0.441116
206.040039, 242.524414, 0.956360, 0.441162
***************************************************
vertex:
210.627441, 244.982910, 0.956512, 0.439606
208.415527, 240.285645, 0.956360, 0.441071
207.062988, 241.228027, 0.956360, 0.441116
***************************************************
vertex:
210.627441, 244.982910, 0.956512, 0.439606
209.982910, 239.787598, 0.956360, 0.441025
208.415527, 240.285645, 0.956360, 0.441071
***************************************************
vertex:
210.627441, 244.982910, 0.956512, 0.439606
211.621094, 239.775391, 0.956375, 0.440979
209.982910, 239.787598, 0.956360, 0.441025
***************************************************
vertex:
210.627441, 244.982910, 0.956512, 0.439606
213.190918, 240.249023, 0.956375, 0.440933
211.621094, 239.775391, 0.956375, 0.440979
***************************************************
vertex:
210.627441, 244.982910, 0.956512, 0.439606
214.553223, 241.166992, 0.956375, 0.440903
213.190918, 240.249023, 0.956375, 0.440933
***************************************************
vertex:
210.627441, 244.982910, 0.956512, 0.439606
215.578613, 242.446289, 0.956375, 0.440887
214.553223, 241.166992, 0.956375, 0.440903
***************************************************
vertex:
210.627441, 244.982910, 0.956512, 0.439606
216.184082, 243.977051, 0.956375, 0.440872
215.578613, 242.446289, 0.956375, 0.440887
***************************************************
vertex:
210.627441, 244.982910, 0.956512, 0.439606
216.313477, 245.620117, 0.956375, 0.440887
216.184082, 243.977051, 0.956375, 0.440872
***************************************************
vertex:
210.627441, 244.982910, 0.956512, 0.439606
215.952148, 247.231445, 0.956375, 0.440903
216.313477, 245.620117, 0.956375, 0.440887
***************************************************
vertex:
210.627441, 244.982910, 0.956512, 0.439606
215.139160, 248.666992, 0.956375, 0.440933
215.952148, 247.231445, 0.956375, 0.440903
***************************************************
vertex:
210.627441, 244.982910, 0.956512, 0.439606
213.940430, 249.799805, 0.956375, 0.440979
215.139160, 248.666992, 0.956375, 0.440933
***************************************************
vertex:
210.627441, 244.982910, 0.956512, 0.439606
212.465820, 250.527344, 0.956375, 0.441025
213.940430, 249.799805, 0.956375, 0.440979
***************************************************
vertex:
210.627441, 244.982910, 0.956512, 0.439606
210.842285, 250.786133, 0.956360, 0.441071
212.465820, 250.527344, 0.956375, 0.441025
