0101000001000000000000000000000000000000000001110010000000000000  
0101000111100000000000000000000000000000000000000010000000000000  
0100100000000111100000000000000000000000000001100011110110000000  
0101001111000000000000000000000000000000000000000010000000000000  
0101001110101111000000000000000000000000000000000010000000000000  
0101000010000000000000000000000000000000000000000010000000000000  
0101000010100000000000000000000000000000000000011010000000000000  
1000001110001110100010100011011000000000000000000010000110000000  
0100001110001110000000000000000000000000000000000011110110000000  
0101000011000000000000000000000000000000000000010010000000000000  
1000001101101110100011000011011000000000000000000010000110000000  
0100001101101101100000000000000000000000000000000011110110000000  
0101000011100000000000000000000000000000000000001010000000000000  
1000001110101110100011100011011000000000000000000010000110000000  
0100001110101110100000000000000000000000000000000011110110000000  
1000001111001111000010000011011000000000000000000010000110000000  
0100001111001111000000000000000000000000000000000011110110000000  
0101000010000000000000000000000000000000000000000010000000000000  
0101001101000010000000000000000000000000000000100010000000000000  
0011100111101110000000000011011000110110001101100011111110000000  
0011101000001101100000000011011000110110001101100011111110000000  
0011101000101110100000000011011000110110001101100011111110000000  
0011101001001111000000000011011000110110001101100011111110000000  
0011100001100111100000000011011000110000000000000000010110000000  
0011100001101000000000000011011000100110000000000000100110000000  
0011100001101000100000000011011000010110000000000001000110000000  
0011100001101001000000000011011000110110000000000010000110000000  
0011101000000001100000000011011000110110000000000011110110000000  
0101000001100001000000000000000000000000000001110010000000000000  
1000000001100001100000000011011000000000000000000010000110000000  
1111110010000000000000000000000000000000000000000000000000000000  
0100100001101000000000000000000000000000000000000011110110000000  
0011100111101110000000000011011000110110001101100011111110000000  
0011101000001101100000000011011000110110001101100011111110000000  
0011101000101110100000000011011000110110001101100011111110000000  
0011101001001111000000000011011000110110001101100011111110000000  
0011100001100111100000000011011000110010000000000000010110000000  
0011100001101000000000000011011000101110000000000000100110000000  
0011100001101000100000000011011000110110000000000001000110000000  
0011100001101001000000000011011010110110000000000010000110000000  
0011101000000001100000000011011000110110000000000011110110000000  
0101000001100001000000000000000000000000000001101010000000000000  
1000000001100001100000000011011000000000000000000010000110000000  
1111110010000000000000000000000000000000000000000000000000000000  
0100100001101000000000000000000000000000000000000011110110000000  
0011100111101110000000000011011000110110001101100011111110000000  
0011101000001101100000000011011000110110001101100011111110000000  
0011101000101110100000000011011000110110001101100011111110000000  
0011101001001111000000000011011000110110001101100011111110000000  
0011100001100111100000000011011000110100000000000000010110000000  
0011100001101000000000000011011000110110000000000000100110000000  
0011100001101000100000000011011001010110000000000001000110000000  
0011100001101001000000000011011100110110000000000010000110000000  
0011101000000001100000000011011000110110000000000011110110000000  
0101000001100001000000000000000000000000000001100010000000000000  
1000000001100001100000000011011000000000000000000010000110000000  
1111110010000000000000000000000000000000000000000000000000000000  
0100100001101000000000000000000000000000000000000011110110000000  
0101000010000000000000000000000000000000000000000010000000000000  
0101001100100010000000000000000000000000000001000010000000000000  
0011100111101110000000000011011000110110001101100011111110000000  
0011101000001101100000000011011000110110001101100011111110000000  
0011101000101110100000000011011000110110001101100011111110000000  
0011101001001111000000000011011000110110001101100011111110000000  
0011100001100111100000000011011000110110000000000000010110000000  
0011100001101000000000000011011000111110000000000000100110000000  
0011100001101000100000000011011001110110000000000001000110000000  
0011100001101001000000000011011110110110000000000010000110000000  
0011101000000001100000000011011000110110000000000011110110000000  
0011101111001000000000000011011000110110001101100011111110000000  
0011101000010000000000000011011000110110000000000011111110000000  
0011101110101000000000000011011000110110001101100011111110000000  
0011101000000000000000000011011000110110000000000011110110000000  
0011101010001000000000000011011000110110001101100011111110000000  
0101000010100000000000000000000000000000000000011010000000000000  
1000001110001101000010100011011000000000000000000010000110000000  
0100001110001110000000000000000000000000000000000011110110000000  
0101000011000000000000000000000000000000000000010010000000000000  
1000001101101101000011000011011000000000000000000010000110000000  
0100001101101101100000000000000000000000000000000011110110000000  
0101000011100000000000000000000000000000000000001010000000000000  
1000001101001101000011100011011000000000000000000010000110000000  
0100001101001101000000000000000000000000000000000011110110000000  
0101000100100000000000000000000000000000000000000010000000000000  
0101000100000000000000000000000000000000000000100010000000000000  
1000000111000100100100000011011000000000000000000010000110000000  
0100000111000111000000000000000000000000000000000011110110000000  
0011100111101110000000000011011000110110001101100011111110000000  
0011101000001101100000000011011000110110001101100011111110000000  
0011101000101101000000000011011000110110001101100011111110000000  
0011101001000111000000000011011000110110001101100011111110000000  
0011100001100111100000000011011000110000000000000000010110000000  
0011100001101000000000000011011000100110000000000000100110000000  
0011100001101000100000000011011000010110000000000001000110000000  
0011100001101001000000000011011000110110000000000010000110000000  
0011101000000001100000000011011000110110000000000011110110000000  
0101000001100001000000000000000000000000000001011010000000000000  
1000000001100001100000000011011000000000000000000010000110000000  
1111110010000000000000000000000000000000000000000000000000000000  
0100100001101000000000000000000000000000000000000011110110000000  
0011100111101110000000000011011000110110001101100011111110000000  
0011101000001101100000000011011000110110001101100011111110000000  
0011101000101101000000000011011000110110001101100011111110000000  
0011101001000111000000000011011000110110001101100011111110000000  
0011100001100111100000000011011000110010000000000000010110000000  
0011100001101000000000000011011000101110000000000000100110000000  
0011100001101000100000000011011000110110000000000001000110000000  
0011100001101001000000000011011010110110000000000010000110000000  
0011101000000001100000000011011000110110000000000011110110000000  
0101000001100001000000000000000000000000000001010010000000000000  
1000000001100001100000000011011000000000000000000010000110000000  
1111110010000000000000000000000000000000000000000000000000000000  
0100100001101000000000000000000000000000000000000011110110000000  
0011100111101110000000000011011000110110001101100011111110000000  
0011101000001101100000000011011000110110001101100011111110000000  
0011101000101101000000000011011000110110001101100011111110000000  
0011101001000111000000000011011000110110001101100011111110000000  
0011100001100111100000000011011000110100000000000000010110000000  
0011100001101000000000000011011000110110000000000000100110000000  
0011100001101000100000000011011001010110000000000001000110000000  
0011100001101001000000000011011100110110000000000010000110000000  
0011101000000001100000000011011000110110000000000011110110000000  
0101000001100001000000000000000000000000000001001010000000000000  
1000000001100001100000000011011000000000000000000010000110000000  
1111110010000000000000000000000000000000000000000000000000000000  
0100100001101000000000000000000000000000000000000011110110000000  
0011100111101110000000000011011000110110001101100011111110000000  
0011101000001101100000000011011000110110001101100011111110000000  
0011101000101101000000000011011000110110001101100011111110000000  
0011101001000111000000000011011000110110001101100011111110000000  
0011100001100111100000000011011000110110000000000000010110000000  
0011100001101000000000000011011000111110000000000000100110000000  
0011100001101000100000000011011001110110000000000001000110000000  
0011100001101001000000000011011110110110000000000010000110000000  
0011101000000001100000000011011000110110000000000011110110000000  
0101000001100001000000000000000000000000000001000010000000000000  
1000000001100001100000000011011000000000000000000010000110000000  
1111110010000000000000000000000000000000000000000000000000000000  
0100100001101000000000000000000000000000000000000011110110000000  
0011100111101110100000000011011000110110001101100011111110000000  
0011101000001111000000000011011000110110001101100011111110000000  
0101000001100001000000000000000000000000000001100010000000000000  
1000001000100001100000000011011000000000000000000010000110000000  
0100001000101000100000000000000000000000000000000011110110000000  
0101000001100001000000000000000000000000000001101010000000000000  
1000001001000001100000000011011000000000000000000010000110000000  
0100001001001001000000000000000000000000000000000011110110000000  
0101000001100001000000000000000000000000000001110010000000000000  
1000001001100001100000000011011000000000000000000010000110000000  
0100001001101001100000000000000000000000000000000011110110000000  
1001101010000111101000000011011000110110001101100000011110000000  
1001101010000111101000100011011000110110001101100000101110000000  
1001101010000111101001000011011000110110001101100001001110000000  
1001101010000111101001100011011000110110001101100010001110000000  
0011101000001010000000000011011000110110000000000011111110000000  
0011101111001000000000000011011000110110001101100011111110000000  
0011101000000000000000000011011000110110000000000011110110000000  
0011101010001000000000000011011000110110001101100011111110000000  
0101000010000000000000000000000000000000000000011010000000000000  
1000001110101100100010000011011000000000000000000010000110000000  
0100001110101110100000000000000000000000000000000011110110000000  
0101000010000000000000000000000000000000000000010010000000000000  
1000001110001100100010000011011000000000000000000010000110000000  
0100001110001110000000000000000000000000000000000011110110000000  
0101000010000000000000000000000000000000000000001010000000000000  
1000001101101100100010000011011000000000000000000010000110000000  
0100001101101101100000000000000000000000000000000011110110000000  
0101000010000000000000000000000000000000000000000010000000000000  
0101000010100000000000000000000000000000000001000010000000000000  
1000001101000010000010100011011000000000000000000010000110000000  
0100001101001101000000000000000000000000000000000011110110000000  
0011100111101110100000000011011000110110001101100011111110000000  
0011101000001110000000000011011000110110001101100011111110000000  
0011101000101101100000000011011000110110001101100011111110000000  
0011101001001101000000000011011000110110001101100011111110000000  
0011100001100111100000000011011000110000000000000000010110000000  
0011100001101000000000000011011000100110000000000000100110000000  
0011100001101000100000000011011000010110000000000001000110000000  
0011100001101001000000000011011000110110000000000010000110000000  
0011101000000001100000000011011000110110000000000011110110000000  
0101000001100001000000000000000000000000000001110010000000000000  
1000000001100001100000000011011000000000000000000010000110000000  
1111110010000000000000000000000000000000000000000000000000000000  
0100100001101000000000000000000000000000000000000011110110000000  
0011100111101110100000000011011000110110001101100011111110000000  
0011101000001110000000000011011000110110001101100011111110000000  
0011101000101101100000000011011000110110001101100011111110000000  
0011101001001101000000000011011000110110001101100011111110000000  
0011100001100111100000000011011000110010000000000000010110000000  
0011100001101000000000000011011000101110000000000000100110000000  
0011100001101000100000000011011000110110000000000001000110000000  
0011100001101001000000000011011010110110000000000010000110000000  
0011101000000001100000000011011000110110000000000011110110000000  
0011101100101000000000000011011000110110001101100011111110000000  
0011100111101110100000000011011000110110001101100011111110000000  
0011101000001110000000000011011000110110001101100011111110000000  
0011101000101101100000000011011000110110001101100011111110000000  
0011101001001101000000000011011000110110001101100011111110000000  
0011100001100111100000000011011000110100000000000000010110000000  
0011100001101000000000000011011000110110000000000000100110000000  
0011100001101000100000000011011001010110000000000001000110000000  
0011100001101001000000000011011100110110000000000010000110000000  
0011101000000001100000000011011000110110000000000011110110000000  
0011100111001000000000000011011000110110001101100011111110000000  
0011100111101110100000000011011000110110001101100011111110000000  
0011101000001110000000000011011000110110001101100011111110000000  
0011101000101101100000000011011000110110001101100011111110000000  
0011101001001101000000000011011000110110001101100011111110000000  
0011100001100111100000000011011000110110000000000000010110000000  
0011100001101000000000000011011000111110000000000000100110000000  
0011100001101000100000000011011001110110000000000001000110000000  
0011100001101001000000000011011110110110000000000010000110000000  
0011101000000001100000000011011000110110000000000011110110000000  
0011101110101000000000000011011000110110001101100011111110000000  
0011100111101111000000000011011000110110001101100011111110000000  
0101000001100001000000000000000000000000000001000010000000000000  
1000001000000001100000000011011000000000000000000010000110000000  
0100001000001000000000000000000000000000000000000011110110000000  
0101000001100001000000000000000000000000000001001010000000000000  
1000001000100001100000000011011000000000000000000010000110000000  
0100001000101000100000000000000000000000000000000011110110000000  
0101000001100001000000000000000000000000000001010010000000000000  
1000001001000001100000000011011000000000000000000010000110000000  
0100001001001001000000000000000000000000000000000011110110000000  
0101000001100001000000000000000000000000000001011010000000000000  
1000001001100001100000000011011000000000000000000010000110000000  
0100001001101001100000000000000000000000000000000011110110000000  
1001101010000111101000000011011000110110001101100000011110000000  
1001101010000111101000100011011000110110001101100000101110000000  
1001101010000111101001000011011000110110001101100001001110000000  
1001101010000111101001100011011000110110001101100010001110000000  
0011101000001010000000000011011000110110000000000011111110000000  
0011101111001000000000000011011000110110001101100011111110000000  
0011101000000000000000000011011000110110000000000011110110000000  
0011101010001000000000000011011000110110001101100011111110000000  
0011100111101111000000000011011000110110001101100011111110000000  
0011101000001110100000000011011000110110001101100011111110000000  
0011101000100111000000000011011000110110001101100011111110000000  
0011101001001100100000000011011000110110001101100011111110000000  
0101000001100001000000000000000000000000000001110010000000000000  
1000001001100001100000000011011000000000000000000010000110000000  
0100001001101001100000000000000000000000000000000011110110000000  
1001101010000111101000000011011000110110001101100000011110000000  
1001101010000111101000100011011000110110001101100000101110000000  
1001101010000111101001000011011000110110001101100001001110000000  
1001101010000111101001100011011000110110001101100010001110000000  
0011101000001010000000000011011000110110000000000011111110000000  
0011101111001000000000000011011000110110001101100011111110000000  
0011101000000000000000000011011000110110000000000011110110000000  
0011101110101000000000000011011000110110001101100011111110000000  
0011101000000000000000000011011000110110000000000011110110000000  
0011101000101000000000000011011000110110001101100011111110000000  
0011100111101111000000000011011000110110001101100011111110000000  
0011101000001110100000000011011000110110001101100011111110000000  
0101001000000000000111100001000111101011100001010010001110000000  
1101100111101000000000000000000101111111100000000100001110000000  
0101000111100000000111100001000111101011100001010000011110000000  
0011101000000111100000000011011110110110000000000010001110000000  
0001001000001000000000000011011000110110000000000011111000000000  
0011101000101000000000000011011000110110000000000011111110000000  
1000100111100111101000000000000000110110001101100011111110000000  
0101000111100111100111111100000000000000000000000011001100000000  
0101001000000000001000011001000000000000000000000010001000000000  
0101001000000000001000010111100000000000000000000001001010000000  
1000100111100111101000000000000000110110001101100011001010000000  
0101001000000000000000000000000000000000000000000010001000000000  
0101001000000000000000000000000000000000000000000001001010000000  
1000000111100111101000000000000000110110001101100011001010000000  
0101001000000000000111111100000000000000000000000000101110000000  
0101001000000000000111111100000000000000000000000000011110000000  
1000101000000111101000000000000000110110001101100000111110000000  
1000000111101000001000000000000000110110001111100000101110000000  
0101001000000000000111111000000000000000000000000010001010000000  
1000100111100111101000000000000000110110001001100000101110000000  
0011100111101000100000000011011000110110000000000000010110000000  
0011110000000111100000000011011000110110000000000011110110000000  
0111000000000000000000000000000000000000000000000000000000000000  
