 101.784668	 202.362671	 0.980377	 1.000000	 
 217.646484	 201.557007	 0.980576	 1.000000	 
 242.993164	 119.956055	 0.972778	 1.000000	 
 101.784668	 202.362671	 0.980377	 1.000000	 
 242.993164	 119.956055	 0.972778	 1.000000	 
 81.506348	 119.954224	 0.972397	 1.000000	 
 =====================================
 113.095703	 120.023804	 0.984833	 1.000000	 
 217.634277	 38.459473	 0.980576	 1.000000	 
 203.420410	 120.023804	 0.984955	 1.000000	 
 113.095703	 120.023804	 0.984833	 1.000000	 
 101.796875	 37.655640	 0.980377	 1.000000	 
 217.634277	 38.459473	 0.980576	 1.000000	 
 =====================================
 217.634277	 38.459473	 0.980576	 1.000000	 
 81.506348	 119.954224	 0.972397	 1.000000	 
 242.993164	 119.956055	 0.972778	 1.000000	 
 81.506348	 119.954224	 0.972397	 1.000000	 
 217.634277	 38.459473	 0.980576	 1.000000	 
 101.796875	 37.655640	 0.980377	 1.000000	 
 =====================================
 203.420410	 120.023804	 0.984955	 1.000000	 
 217.646484	 201.557007	 0.980576	 1.000000	 
 101.784668	 202.362671	 0.980377	 1.000000	 
 101.784668	 202.362671	 0.980377	 1.000000	 
 113.095703	 120.023804	 0.984833	 1.000000	 
 203.420410	 120.023804	 0.984955	 1.000000	 
 =====================================
 242.993164	 119.956055	 0.972778	 1.000000	 
 203.420410	 120.023804	 0.984955	 1.000000	 
 217.634277	 38.459473	 0.980576	 1.000000	 
 203.420410	 120.023804	 0.984955	 1.000000	 
 242.993164	 119.956055	 0.972778	 1.000000	 
 217.646484	 201.557007	 0.980576	 1.000000	 
 =====================================
 81.506348	 119.954224	 0.972397	 1.000000	 
 101.796875	 37.655640	 0.980377	 1.000000	 
 113.095703	 120.023804	 0.984833	 1.000000	 
 101.784668	 202.362671	 0.980377	 1.000000	 
 81.506348	 119.954224	 0.972397	 1.000000	 
 113.095703	 120.023804	 0.984833	 1.000000	 
 =====================================
