 101.350098	 203.181152	 0.980179	 1.000000	 
 216.953125	 200.769653	 0.980774	 1.000000	 
 247.092285	 119.956055	 0.973175	 1.000000	 
 101.350098	 203.181152	 0.980179	 1.000000	 
 247.092285	 119.956055	 0.973175	 1.000000	 
 86.401367	 119.954224	 0.972031	 1.000000	 
 =====================================
 109.650879	 120.025635	 0.984695	 1.000000	 
 216.936035	 39.246826	 0.980774	 1.000000	 
 199.909668	 120.023804	 0.985062	 1.000000	 
 109.650879	 120.025635	 0.984695	 1.000000	 
 101.357422	 36.837158	 0.980179	 1.000000	 
 216.936035	 39.246826	 0.980774	 1.000000	 
 =====================================
 216.936035	 39.246826	 0.980774	 1.000000	 
 86.401367	 119.954224	 0.972031	 1.000000	 
 247.092285	 119.956055	 0.973175	 1.000000	 
 86.401367	 119.954224	 0.972031	 1.000000	 
 216.936035	 39.246826	 0.980774	 1.000000	 
 101.357422	 36.837158	 0.980179	 1.000000	 
 =====================================
 199.909668	 120.023804	 0.985062	 1.000000	 
 216.953125	 200.769653	 0.980774	 1.000000	 
 101.350098	 203.181152	 0.980179	 1.000000	 
 101.350098	 203.181152	 0.980179	 1.000000	 
 109.650879	 120.025635	 0.984695	 1.000000	 
 199.909668	 120.023804	 0.985062	 1.000000	 
 =====================================
 247.092285	 119.956055	 0.973175	 1.000000	 
 199.909668	 120.023804	 0.985062	 1.000000	 
 216.936035	 39.246826	 0.980774	 1.000000	 
 199.909668	 120.023804	 0.985062	 1.000000	 
 247.092285	 119.956055	 0.973175	 1.000000	 
 216.953125	 200.769653	 0.980774	 1.000000	 
 =====================================
 86.401367	 119.954224	 0.972031	 1.000000	 
 101.357422	 36.837158	 0.980179	 1.000000	 
 109.650879	 120.025635	 0.984695	 1.000000	 
 101.350098	 203.181152	 0.980179	 1.000000	 
 86.401367	 119.954224	 0.972031	 1.000000	 
 109.650879	 120.025635	 0.984695	 1.000000	 
 =====================================
