diffuse_light: 0 65536 52428 65536
diffuse_material: 65536 65536 65536 65536
diffuse_light: 0 65536 52428 65536
diffuse_material: 65536 65536 65536 65536
diffuse_light: 0 65536 52428 65536
diffuse_material: 65536 65536 65536 65536
diffuse_light: 0 65536 52428 65536
diffuse_material: 65536 65536 65536 65536
diffuse_light: 0 65536 52428 65536
diffuse_material: 65536 65536 65536 65536
diffuse_light: 0 65536 52428 65536
diffuse_material: 65536 65536 65536 65536
diffuse_light: 0 65536 52428 65536
diffuse_material: 65536 65536 65536 65536
diffuse_light: 0 65536 52428 65536
diffuse_material: 65536 65536 65536 65536
diffuse_light: 0 65536 52428 65536
diffuse_material: 65536 65536 65536 65536
diffuse_light: 0 65536 52428 65536
diffuse_material: 65536 65536 65536 65536
diffuse_light: 0 65536 52428 65536
diffuse_material: 65536 65536 65536 65536
diffuse_light: 0 65536 52428 65536
diffuse_material: 65536 65536 65536 65536
diffuse_light: 0 65536 52428 65536
diffuse_material: 65536 65536 65536 65536
diffuse_light: 0 65536 52428 65536
diffuse_material: 65536 65536 65536 65536
diffuse_light: 0 65536 52428 65536
diffuse_material: 65536 65536 65536 65536
diffuse_light: 0 65536 52428 65536
diffuse_material: 65536 65536 65536 65536
diffuse_light: 0 65536 52428 65536
diffuse_material: 65536 65536 65536 65536
diffuse_light: 0 65536 52428 65536
diffuse_material: 65536 65536 65536 65536
diffuse_light: 0 65536 52428 65536
diffuse_material: 65536 65536 65536 65536
diffuse_light: 0 65536 52428 65536
diffuse_material: 65536 65536 65536 65536
diffuse_light: 0 65536 52428 65536
diffuse_material: 65536 65536 65536 65536
diffuse_light: 0 65536 52428 65536
diffuse_material: 65536 65536 65536 65536
diffuse_light: 0 65536 52428 65536
diffuse_material: 65536 65536 65536 65536
diffuse_light: 0 65536 52428 65536
diffuse_material: 65536 65536 65536 65536
diffuse_light: 0 65536 52428 65536
diffuse_material: 65536 65536 65536 65536
diffuse_light: 0 65536 52428 65536
diffuse_material: 65536 65536 65536 65536
diffuse_light: 0 65536 52428 65536
diffuse_material: 65536 65536 65536 65536
diffuse_light: 0 65536 52428 65536
diffuse_material: 65536 65536 65536 65536
diffuse_light: 0 65536 52428 65536
diffuse_material: 65536 65536 65536 65536
diffuse_light: 0 65536 52428 65536
diffuse_material: 65536 65536 65536 65536
diffuse_light: 0 65536 52428 65536
diffuse_material: 65536 65536 65536 65536
diffuse_light: 0 65536 52428 65536
diffuse_material: 65536 65536 65536 65536
diffuse_light: 0 65536 52428 65536
diffuse_material: 65536 65536 65536 65536
diffuse_light: 0 65536 52428 65536
diffuse_material: 65536 65536 65536 65536
diffuse_light: 0 65536 52428 65536
diffuse_material: 65536 65536 65536 65536
diffuse_light: 0 65536 52428 65536
diffuse_material: 65536 65536 65536 65536
