0.626999 -0.139999 24.991989 1.000000
0.620987 7.234985 23.921997 1.000000
-1.550995 6.913986 23.974991 1.000000
0.626999 -0.139999 24.991989 1.000000
-1.550995 6.913986 23.974991 1.000000
-3.531998 5.965988 24.018997 1.000000
0.626999 -0.139999 24.991989 1.000000
-3.531998 5.965988 24.018997 1.000000
-5.145996 4.475998 24.050995 1.000000
0.626999 -0.139999 24.991989 1.000000
-5.145996 4.475998 24.050995 1.000000
-6.250000 2.577988 24.067993 1.000000
0.626999 -0.139999 24.991989 1.000000
-6.250000 2.577988 24.067993 1.000000
-6.744995 0.437988 24.068985 1.000000
0.626999 -0.139999 24.991989 1.000000
-6.744995 0.437988 24.068985 1.000000
-6.586990 -1.752991 24.051987 1.000000
0.626999 -0.139999 24.991989 1.000000
-6.586990 -1.752991 24.051987 1.000000
-5.790985 -3.799988 24.020996 1.000000
0.626999 -0.139999 24.991989 1.000000
-5.790985 -3.799988 24.020996 1.000000
-4.426987 -5.520996 23.976990 1.000000
0.626999 -0.139999 24.991989 1.000000
-4.426987 -5.520996 23.976990 1.000000
-2.615997 -6.763992 23.924988 1.000000
0.626999 -0.139999 24.991989 1.000000
-2.615997 -6.763992 23.924988 1.000000
-0.519989 -7.416992 23.867996 1.000000
0.626999 -0.139999 24.991989 1.000000
-0.519989 -7.416992 23.867996 1.000000
1.675995 -7.422989 23.812988 1.000000
0.626999 -0.139999 24.991989 1.000000
1.675995 -7.422989 23.812988 1.000000
3.775986 -6.780991 23.763992 1.000000
0.626999 -0.139999 24.991989 1.000000
3.775986 -6.780991 23.763992 1.000000
5.593994 -5.548996 23.724991 1.000000
0.626999 -0.139999 24.991989 1.000000
5.593994 -5.548996 23.724991 1.000000
6.968994 -3.834991 23.700989 1.000000
0.626999 -0.139999 24.991989 1.000000
6.968994 -3.834991 23.700989 1.000000
7.775986 -1.793991 23.691986 1.000000
0.626999 -0.139999 24.991989 1.000000
7.775986 -1.793991 23.691986 1.000000
7.946991 0.396988 23.699997 1.000000
0.626999 -0.139999 24.991989 1.000000
7.946991 0.396988 23.699997 1.000000
7.463989 2.538986 23.723999 1.000000
0.626999 -0.139999 24.991989 1.000000
7.463989 2.538986 23.723999 1.000000
6.371994 4.443985 23.761993 1.000000
0.626999 -0.139999 24.991989 1.000000
6.371994 4.443985 23.761993 1.000000
4.766998 5.942993 23.809998 1.000000
0.626999 -0.139999 24.991989 1.000000
4.766998 5.942993 23.809998 1.000000
2.790985 6.900986 23.864990 1.000000
0.626999 -0.139999 24.991989 1.000000
2.790985 6.900986 23.864990 1.000000
0.620987 7.234985 23.921997 1.000000
0.620987 7.234985 23.921997 1.000000
0.559998 13.966995 20.726990 1.000000
-3.591995 13.352997 20.827988 1.000000
0.620987 7.234985 23.921997 1.000000
-3.591995 13.352997 20.827988 1.000000
-1.550995 6.913986 23.974991 1.000000
-1.550995 6.913986 23.974991 1.000000
-3.591995 13.352997 20.827988 1.000000
-7.377991 11.541992 20.912994 1.000000
-1.550995 6.913986 23.974991 1.000000
-7.377991 11.541992 20.912994 1.000000
-3.531998 5.965988 24.018997 1.000000
-3.531998 5.965988 24.018997 1.000000
-7.377991 11.541992 20.912994 1.000000
-10.462997 8.695999 20.973999 1.000000
-3.531998 5.965988 24.018997 1.000000
-10.462997 8.695999 20.973999 1.000000
-5.145996 4.475998 24.050995 1.000000
-5.145996 4.475998 24.050995 1.000000
-10.462997 8.695999 20.973999 1.000000
-12.570999 5.065994 21.006989 1.000000
-5.145996 4.475998 24.050995 1.000000
-12.570999 5.065994 21.006989 1.000000
-6.250000 2.577988 24.067993 1.000000
-6.250000 2.577988 24.067993 1.000000
-12.570999 5.065994 21.006989 1.000000
-13.517990 0.975998 21.007996 1.000000
-6.250000 2.577988 24.067993 1.000000
-13.517990 0.975998 21.007996 1.000000
-6.744995 0.437988 24.068985 1.000000
-6.744995 0.437988 24.068985 1.000000
-13.517990 0.975998 21.007996 1.000000
-13.216995 -3.210999 20.976990 1.000000
-6.744995 0.437988 24.068985 1.000000
-13.216995 -3.210999 20.976990 1.000000
-6.586990 -1.752991 24.051987 1.000000
-6.586990 -1.752991 24.051987 1.000000
-13.216995 -3.210999 20.976990 1.000000
-11.693985 -7.122986 20.916992 1.000000
-6.586990 -1.752991 24.051987 1.000000
-11.693985 -7.122986 20.916992 1.000000
-5.790985 -3.799988 24.020996 1.000000
-5.790985 -3.799988 24.020996 1.000000
-11.693985 -7.122986 20.916992 1.000000
-9.087997 -10.412994 20.832993 1.000000
-5.790985 -3.799988 24.020996 1.000000
-9.087997 -10.412994 20.832993 1.000000
-4.426987 -5.520996 23.976990 1.000000
-4.426987 -5.520996 23.976990 1.000000
-9.087997 -10.412994 20.832993 1.000000
-5.626999 -12.785995 20.732986 1.000000
-4.426987 -5.520996 23.976990 1.000000
-5.626999 -12.785995 20.732986 1.000000
-2.615997 -6.763992 23.924988 1.000000
-2.615997 -6.763992 23.924988 1.000000
-5.626999 -12.785995 20.732986 1.000000
-1.620987 -14.034988 20.625000 1.000000
-2.615997 -6.763992 23.924988 1.000000
-1.620987 -14.034988 20.625000 1.000000
-0.519989 -7.416992 23.867996 1.000000
-0.519989 -7.416992 23.867996 1.000000
-1.620987 -14.034988 20.625000 1.000000
2.575989 -14.046997 20.519989 1.000000
-0.519989 -7.416992 23.867996 1.000000
2.575989 -14.046997 20.519989 1.000000
1.675995 -7.422989 23.812988 1.000000
1.675995 -7.422989 23.812988 1.000000
2.575989 -14.046997 20.519989 1.000000
6.588989 -12.819992 20.425995 1.000000
1.675995 -7.422989 23.812988 1.000000
6.588989 -12.819992 20.425995 1.000000
3.775986 -6.780991 23.763992 1.000000
3.775986 -6.780991 23.763992 1.000000
6.588989 -12.819992 20.425995 1.000000
10.063995 -10.465988 20.351990 1.000000
3.775986 -6.780991 23.763992 1.000000
10.063995 -10.465988 20.351990 1.000000
5.593994 -5.548996 23.724991 1.000000
5.593994 -5.548996 23.724991 1.000000
10.063995 -10.465988 20.351990 1.000000
12.689987 -7.190994 20.303986 1.000000
5.593994 -5.548996 23.724991 1.000000
12.689987 -7.190994 20.303986 1.000000
6.968994 -3.834991 23.700989 1.000000
6.968994 -3.834991 23.700989 1.000000
12.689987 -7.190994 20.303986 1.000000
14.234985 -3.287994 20.286987 1.000000
6.968994 -3.834991 23.700989 1.000000
14.234985 -3.287994 20.286987 1.000000
7.775986 -1.793991 23.691986 1.000000
7.775986 -1.793991 23.691986 1.000000
14.234985 -3.287994 20.286987 1.000000
14.560989 0.896988 20.301987 1.000000
7.775986 -1.793991 23.691986 1.000000
14.560989 0.896988 20.301987 1.000000
7.946991 0.396988 23.699997 1.000000
7.946991 0.396988 23.699997 1.000000
14.560989 0.896988 20.301987 1.000000
13.638992 4.992996 20.347992 1.000000
7.946991 0.396988 23.699997 1.000000
13.638992 4.992996 20.347992 1.000000
7.463989 2.538986 23.723999 1.000000
7.463989 2.538986 23.723999 1.000000
13.638992 4.992996 20.347992 1.000000
11.550995 8.634995 20.420990 1.000000
7.463989 2.538986 23.723999 1.000000
11.550995 8.634995 20.420990 1.000000
6.371994 4.443985 23.761993 1.000000
6.371994 4.443985 23.761993 1.000000
11.550995 8.634995 20.420990 1.000000
8.482986 11.497986 20.513992 1.000000
6.371994 4.443985 23.761993 1.000000
8.482986 11.497986 20.513992 1.000000
4.766998 5.942993 23.809998 1.000000
4.766998 5.942993 23.809998 1.000000
8.482986 11.497986 20.513992 1.000000
4.706985 13.329987 20.618988 1.000000
4.766998 5.942993 23.809998 1.000000
4.706985 13.329987 20.618988 1.000000
2.790985 6.900986 23.864990 1.000000
2.790985 6.900986 23.864990 1.000000
4.706985 13.329987 20.618988 1.000000
0.559998 13.966995 20.726990 1.000000
2.790985 6.900986 23.864990 1.000000
0.559998 13.966995 20.726990 1.000000
0.620987 7.234985 23.921997 1.000000
0.559998 13.966995 20.726990 1.000000
0.447998 19.457993 15.689987 1.000000
-5.312988 18.605988 15.829987 1.000000
0.559998 13.966995 20.726990 1.000000
-5.312988 18.605988 15.829987 1.000000
-3.591995 13.352997 20.827988 1.000000
-3.591995 13.352997 20.827988 1.000000
-5.312988 18.605988 15.829987 1.000000
-10.568985 16.091995 15.946991 1.000000
-3.591995 13.352997 20.827988 1.000000
-10.568985 16.091995 15.946991 1.000000
-7.377991 11.541992 20.912994 1.000000
-7.377991 11.541992 20.912994 1.000000
-10.568985 16.091995 15.946991 1.000000
-14.849991 12.141998 16.032990 1.000000
-7.377991 11.541992 20.912994 1.000000
-14.849991 12.141998 16.032990 1.000000
-10.462997 8.695999 20.973999 1.000000
-10.462997 8.695999 20.973999 1.000000
-14.849991 12.141998 16.032990 1.000000
-17.776993 7.104996 16.077988 1.000000
-10.462997 8.695999 20.973999 1.000000
-17.776993 7.104996 16.077988 1.000000
-12.570999 5.065994 21.006989 1.000000
-12.570999 5.065994 21.006989 1.000000
-17.776993 7.104996 16.077988 1.000000
-19.088989 1.427994 16.078995 1.000000
-12.570999 5.065994 21.006989 1.000000
-19.088989 1.427994 16.078995 1.000000
-13.517990 0.975998 21.007996 1.000000
-13.517990 0.975998 21.007996 1.000000
-19.088989 1.427994 16.078995 1.000000
-18.671997 -4.382996 16.035995 1.000000
-13.517990 0.975998 21.007996 1.000000
-18.671997 -4.382996 16.035995 1.000000
-13.216995 -3.210999 20.976990 1.000000
-13.216995 -3.210999 20.976990 1.000000
-18.671997 -4.382996 16.035995 1.000000
-16.558990 -9.812988 15.952988 1.000000
-13.216995 -3.210999 20.976990 1.000000
-16.558990 -9.812988 15.952988 1.000000
-11.693985 -7.122986 20.916992 1.000000
-11.693985 -7.122986 20.916992 1.000000
-16.558990 -9.812988 15.952988 1.000000
-12.941986 -14.377991 15.836990 1.000000
-11.693985 -7.122986 20.916992 1.000000
-12.941986 -14.377991 15.836990 1.000000
-9.087997 -10.412994 20.832993 1.000000
-9.087997 -10.412994 20.832993 1.000000
-12.941986 -14.377991 15.836990 1.000000
-8.138992 -17.672989 15.697998 1.000000
-9.087997 -10.412994 20.832993 1.000000
-8.138992 -17.672989 15.697998 1.000000
-5.626999 -12.785995 20.732986 1.000000
-5.626999 -12.785995 20.732986 1.000000
-8.138992 -17.672989 15.697998 1.000000
-2.577988 -19.405991 15.547989 1.000000
-5.626999 -12.785995 20.732986 1.000000
-2.577988 -19.405991 15.547989 1.000000
-1.620987 -14.034988 20.625000 1.000000
-1.620987 -14.034988 20.625000 1.000000
-2.577988 -19.405991 15.547989 1.000000
3.246994 -19.421997 15.401993 1.000000
-1.620987 -14.034988 20.625000 1.000000
3.246994 -19.421997 15.401993 1.000000
2.575989 -14.046997 20.519989 1.000000
2.575989 -14.046997 20.519989 1.000000
3.246994 -19.421997 15.401993 1.000000
8.817993 -17.719986 15.271988 1.000000
2.575989 -14.046997 20.519989 1.000000
8.817993 -17.719986 15.271988 1.000000
6.588989 -12.819992 20.425995 1.000000
6.588989 -12.819992 20.425995 1.000000
8.817993 -17.719986 15.271988 1.000000
13.639999 -14.451996 15.168991 1.000000
6.588989 -12.819992 20.425995 1.000000
13.639999 -14.451996 15.168991 1.000000
10.063995 -10.465988 20.351990 1.000000
10.063995 -10.465988 20.351990 1.000000
13.639999 -14.451996 15.168991 1.000000
17.283997 -9.906998 15.102997 1.000000
10.063995 -10.465988 20.351990 1.000000
17.283997 -9.906998 15.102997 1.000000
12.689987 -7.190994 20.303986 1.000000
12.689987 -7.190994 20.303986 1.000000
17.283997 -9.906998 15.102997 1.000000
19.427994 -4.488998 15.078995 1.000000
12.689987 -7.190994 20.303986 1.000000
19.427994 -4.488998 15.078995 1.000000
14.234985 -3.287994 20.286987 1.000000
14.234985 -3.287994 20.286987 1.000000
19.427994 -4.488998 15.078995 1.000000
19.879990 1.318985 15.100998 1.000000
14.234985 -3.287994 20.286987 1.000000
19.879990 1.318985 15.100998 1.000000
14.560989 0.896988 20.301987 1.000000
14.560989 0.896988 20.301987 1.000000
19.879990 1.318985 15.100998 1.000000
18.600998 7.002991 15.163986 1.000000
14.560989 0.896988 20.301987 1.000000
18.600998 7.002991 15.163986 1.000000
13.638992 4.992996 20.347992 1.000000
13.638992 4.992996 20.347992 1.000000
18.600998 7.002991 15.163986 1.000000
15.703995 12.056992 15.264999 1.000000
13.638992 4.992996 20.347992 1.000000
15.703995 12.056992 15.264999 1.000000
11.550995 8.634995 20.420990 1.000000
11.550995 8.634995 20.420990 1.000000
15.703995 12.056992 15.264999 1.000000
11.445999 16.030991 15.394989 1.000000
11.550995 8.634995 20.420990 1.000000
11.445999 16.030991 15.394989 1.000000
8.482986 11.497986 20.513992 1.000000
8.482986 11.497986 20.513992 1.000000
11.445999 16.030991 15.394989 1.000000
6.204987 18.572998 15.539993 1.000000
8.482986 11.497986 20.513992 1.000000
6.204987 18.572998 15.539993 1.000000
4.706985 13.329987 20.618988 1.000000
4.706985 13.329987 20.618988 1.000000
6.204987 18.572998 15.539993 1.000000
0.447998 19.457993 15.689987 1.000000
4.706985 13.329987 20.618988 1.000000
0.447998 19.457993 15.689987 1.000000
0.559998 13.966995 20.726990 1.000000
0.447998 19.457993 15.689987 1.000000
0.296997 23.219986 9.258987 1.000000
-6.561996 22.205994 9.425995 1.000000
0.447998 19.457993 15.689987 1.000000
-6.561996 22.205994 9.425995 1.000000
-5.312988 18.605988 15.829987 1.000000
-5.312988 18.605988 15.829987 1.000000
-6.561996 22.205994 9.425995 1.000000
-12.818985 19.212997 9.565994 1.000000
-5.312988 18.605988 15.829987 1.000000
-12.818985 19.212997 9.565994 1.000000
-10.568985 16.091995 15.946991 1.000000
-10.568985 16.091995 15.946991 1.000000
-12.818985 19.212997 9.565994 1.000000
-17.916992 14.508987 9.667999 1.000000
-10.568985 16.091995 15.946991 1.000000
-17.916992 14.508987 9.667999 1.000000
-14.849991 12.141998 16.032990 1.000000
-14.849991 12.141998 16.032990 1.000000
-17.916992 14.508987 9.667999 1.000000
-21.401993 8.510986 9.721985 1.000000
-14.849991 12.141998 16.032990 1.000000
-21.401993 8.510986 9.721985 1.000000
-17.776993 7.104996 16.077988 1.000000
-17.776993 7.104996 16.077988 1.000000
-21.401993 8.510986 9.721985 1.000000
-22.964996 1.752991 9.722992 1.000000
-17.776993 7.104996 16.077988 1.000000
-22.964996 1.752991 9.722992 1.000000
-19.088989 1.427994 16.078995 1.000000
-19.088989 1.427994 16.078995 1.000000
-22.964996 1.752991 9.722992 1.000000
-22.466995 -5.165985 9.671997 1.000000
-19.088989 1.427994 16.078995 1.000000
-22.466995 -5.165985 9.671997 1.000000
-18.671997 -4.382996 16.035995 1.000000
-18.671997 -4.382996 16.035995 1.000000
-22.466995 -5.165985 9.671997 1.000000
-19.951996 -11.630997 9.572998 1.000000
-18.671997 -4.382996 16.035995 1.000000
-19.951996 -11.630997 9.572998 1.000000
-16.558990 -9.812988 15.952988 1.000000
-16.558990 -9.812988 15.952988 1.000000
-19.951996 -11.630997 9.572998 1.000000
-15.644989 -17.065994 9.433990 1.000000
-16.558990 -9.812988 15.952988 1.000000
-15.644989 -17.065994 9.433990 1.000000
-12.941986 -14.377991 15.836990 1.000000
-12.941986 -14.377991 15.836990 1.000000
-15.644989 -17.065994 9.433990 1.000000
-9.925995 -20.988998 9.268997 1.000000
-12.941986 -14.377991 15.836990 1.000000
-9.925995 -20.988998 9.268997 1.000000
-8.138992 -17.672989 15.697998 1.000000
-8.138992 -17.672989 15.697998 1.000000
-9.925995 -20.988998 9.268997 1.000000
-3.304993 -23.052994 9.090988 1.000000
-8.138992 -17.672989 15.697998 1.000000
-3.304993 -23.052994 9.090988 1.000000
-2.577988 -19.405991 15.547989 1.000000
-2.577988 -19.405991 15.547989 1.000000
-3.304993 -23.052994 9.090988 1.000000
3.628998 -23.071991 8.916992 1.000000
-2.577988 -19.405991 15.547989 1.000000
3.628998 -23.071991 8.916992 1.000000
3.246994 -19.421997 15.401993 1.000000
3.246994 -19.421997 15.401993 1.000000
3.628998 -23.071991 8.916992 1.000000
10.261993 -21.045990 8.761993 1.000000
3.246994 -19.421997 15.401993 1.000000
10.261993 -21.045990 8.761993 1.000000
8.817993 -17.719986 15.271988 1.000000
8.817993 -17.719986 15.271988 1.000000
10.261993 -21.045990 8.761993 1.000000
16.002991 -17.153992 8.638992 1.000000
8.817993 -17.719986 15.271988 1.000000
16.002991 -17.153992 8.638992 1.000000
13.639999 -14.451996 15.168991 1.000000
13.639999 -14.451996 15.168991 1.000000
16.002991 -17.153992 8.638992 1.000000
20.342987 -11.742996 8.560989 1.000000
13.639999 -14.451996 15.168991 1.000000
20.342987 -11.742996 8.560989 1.000000
17.283997 -9.906998 15.102997 1.000000
17.283997 -9.906998 15.102997 1.000000
20.342987 -11.742996 8.560989 1.000000
22.894989 -5.291992 8.532990 1.000000
17.283997 -9.906998 15.102997 1.000000
22.894989 -5.291992 8.532990 1.000000
19.427994 -4.488998 15.078995 1.000000
19.427994 -4.488998 15.078995 1.000000
22.894989 -5.291992 8.532990 1.000000
23.433990 1.622986 8.557999 1.000000
19.427994 -4.488998 15.078995 1.000000
23.433990 1.622986 8.557999 1.000000
19.879990 1.318985 15.100998 1.000000
19.879990 1.318985 15.100998 1.000000
23.433990 1.622986 8.557999 1.000000
21.909988 8.389999 8.633987 1.000000
19.879990 1.318985 15.100998 1.000000
21.909988 8.389999 8.633987 1.000000
18.600998 7.002991 15.163986 1.000000
18.600998 7.002991 15.163986 1.000000
21.909988 8.389999 8.633987 1.000000
18.460999 14.407990 8.753998 1.000000
18.600998 7.002991 15.163986 1.000000
18.460999 14.407990 8.753998 1.000000
15.703995 12.056992 15.264999 1.000000
15.703995 12.056992 15.264999 1.000000
18.460999 14.407990 8.753998 1.000000
13.390991 19.139999 8.907990 1.000000
15.703995 12.056992 15.264999 1.000000
13.390991 19.139999 8.907990 1.000000
11.445999 16.030991 15.394989 1.000000
11.445999 16.030991 15.394989 1.000000
13.390991 19.139999 8.907990 1.000000
7.151993 22.166992 9.080994 1.000000
11.445999 16.030991 15.394989 1.000000
7.151993 22.166992 9.080994 1.000000
6.204987 18.572998 15.539993 1.000000
6.204987 18.572998 15.539993 1.000000
7.151993 22.166992 9.080994 1.000000
0.296997 23.219986 9.258987 1.000000
6.204987 18.572998 15.539993 1.000000
0.296997 23.219986 9.258987 1.000000
0.447998 19.457993 15.689987 1.000000
0.296997 23.219986 9.258987 1.000000
0.119995 24.918991 2.004990 1.000000
-7.228989 23.832993 2.182999 1.000000
0.296997 23.219986 9.258987 1.000000
-7.228989 23.832993 2.182999 1.000000
-6.561996 22.205994 9.425995 1.000000
-6.561996 22.205994 9.425995 1.000000
-7.228989 23.832993 2.182999 1.000000
-13.931992 20.625992 2.334000 1.000000
-6.561996 22.205994 9.425995 1.000000
-13.931992 20.625992 2.334000 1.000000
-12.818985 19.212997 9.565994 1.000000
-12.818985 19.212997 9.565994 1.000000
-13.931992 20.625992 2.334000 1.000000
-19.391998 15.587997 2.442993 1.000000
-12.818985 19.212997 9.565994 1.000000
-19.391998 15.587997 2.442993 1.000000
-17.916992 14.508987 9.667999 1.000000
-17.916992 14.508987 9.667999 1.000000
-19.391998 15.587997 2.442993 1.000000
-23.125992 9.161987 2.500000 1.000000
-17.916992 14.508987 9.667999 1.000000
-23.125992 9.161987 2.500000 1.000000
-21.401993 8.510986 9.721985 1.000000
-21.401993 8.510986 9.721985 1.000000
-23.125992 9.161987 2.500000 1.000000
-24.799988 1.921997 2.501999 1.000000
-21.401993 8.510986 9.721985 1.000000
-24.799988 1.921997 2.501999 1.000000
-22.964996 1.752991 9.722992 1.000000
-22.964996 1.752991 9.722992 1.000000
-24.799988 1.921997 2.501999 1.000000
-24.266998 -5.488998 2.446991 1.000000
-22.964996 1.752991 9.722992 1.000000
-24.266998 -5.488998 2.446991 1.000000
-22.466995 -5.165985 9.671997 1.000000
-22.466995 -5.165985 9.671997 1.000000
-24.266998 -5.488998 2.446991 1.000000
-21.572998 -12.414993 2.340988 1.000000
-22.466995 -5.165985 9.671997 1.000000
-21.572998 -12.414993 2.340988 1.000000
-19.951996 -11.630997 9.572998 1.000000
-19.951996 -11.630997 9.572998 1.000000
-21.572998 -12.414993 2.340988 1.000000
-16.957993 -18.237991 2.191986 1.000000
-19.951996 -11.630997 9.572998 1.000000
-16.957993 -18.237991 2.191986 1.000000
-15.644989 -17.065994 9.433990 1.000000
-15.644989 -17.065994 9.433990 1.000000
-16.957993 -18.237991 2.191986 1.000000
-10.832993 -22.440994 2.014999 1.000000
-15.644989 -17.065994 9.433990 1.000000
-10.832993 -22.440994 2.014999 1.000000
-9.925995 -20.988998 9.268997 1.000000
-9.925995 -20.988998 9.268997 1.000000
-10.832993 -22.440994 2.014999 1.000000
-3.739990 -24.651993 1.824997 1.000000
-9.925995 -20.988998 9.268997 1.000000
-3.739990 -24.651993 1.824997 1.000000
-3.304993 -23.052994 9.090988 1.000000
-3.304993 -23.052994 9.090988 1.000000
-3.739990 -24.651993 1.824997 1.000000
3.688995 -24.671997 1.637985 1.000000
-3.304993 -23.052994 9.090988 1.000000
3.688995 -24.671997 1.637985 1.000000
3.628998 -23.071991 8.916992 1.000000
3.628998 -23.071991 8.916992 1.000000
3.688995 -24.671997 1.637985 1.000000
10.794998 -22.500992 1.471985 1.000000
3.628998 -23.071991 8.916992 1.000000
10.794998 -22.500992 1.471985 1.000000
10.261993 -21.045990 8.761993 1.000000
10.261993 -21.045990 8.761993 1.000000
10.794998 -22.500992 1.471985 1.000000
16.944992 -18.331985 1.340988 1.000000
10.261993 -21.045990 8.761993 1.000000
16.944992 -18.331985 1.340988 1.000000
16.002991 -17.153992 8.638992 1.000000
16.002991 -17.153992 8.638992 1.000000
16.944992 -18.331985 1.340988 1.000000
21.592987 -12.534988 1.256989 1.000000
16.002991 -17.153992 8.638992 1.000000
21.592987 -12.534988 1.256989 1.000000
20.342987 -11.742996 8.560989 1.000000
20.342987 -11.742996 8.560989 1.000000
21.592987 -12.534988 1.256989 1.000000
24.327988 -5.625000 1.226990 1.000000
20.342987 -11.742996 8.560989 1.000000
24.327988 -5.625000 1.226990 1.000000
22.894989 -5.291992 8.532990 1.000000
22.894989 -5.291992 8.532990 1.000000
24.327988 -5.625000 1.226990 1.000000
24.903992 1.782990 1.253998 1.000000
22.894989 -5.291992 8.532990 1.000000
24.903992 1.782990 1.253998 1.000000
23.433990 1.622986 8.557999 1.000000
23.433990 1.622986 8.557999 1.000000
24.903992 1.782990 1.253998 1.000000
23.272995 9.032990 1.334991 1.000000
23.433990 1.622986 8.557999 1.000000
23.272995 9.032990 1.334991 1.000000
21.909988 8.389999 8.633987 1.000000
21.909988 8.389999 8.633987 1.000000
23.272995 9.032990 1.334991 1.000000
19.576996 15.478989 1.463989 1.000000
21.909988 8.389999 8.633987 1.000000
19.576996 15.478989 1.463989 1.000000
18.460999 14.407990 8.753998 1.000000
18.460999 14.407990 8.753998 1.000000
19.576996 15.478989 1.463989 1.000000
14.146988 20.547989 1.627991 1.000000
18.460999 14.407990 8.753998 1.000000
14.146988 20.547989 1.627991 1.000000
13.390991 19.139999 8.907990 1.000000
13.390991 19.139999 8.907990 1.000000
14.146988 20.547989 1.627991 1.000000
7.461990 23.791992 1.813995 1.000000
13.390991 19.139999 8.907990 1.000000
7.461990 23.791992 1.813995 1.000000
7.151993 22.166992 9.080994 1.000000
7.151993 22.166992 9.080994 1.000000
7.461990 23.791992 1.813995 1.000000
0.119995 24.918991 2.004990 1.000000
7.151993 22.166992 9.080994 1.000000
0.119995 24.918991 2.004990 1.000000
0.296997 23.219986 9.258987 1.000000
0.119995 24.918991 2.004990 1.000000
-0.067993 24.403992 -5.426987 1.000000
-7.252991 23.340988 -5.251999 1.000000
0.119995 24.918991 2.004990 1.000000
-7.252991 23.340988 -5.251999 1.000000
-7.228989 23.832993 2.182999 1.000000
-7.228989 23.832993 2.182999 1.000000
-7.252991 23.340988 -5.251999 1.000000
-13.806000 20.206985 -5.104996 1.000000
-7.228989 23.832993 2.182999 1.000000
-13.806000 20.206985 -5.104996 1.000000
-13.931992 20.625992 2.334000 1.000000
-13.931992 20.625992 2.334000 1.000000
-13.806000 20.206985 -5.104996 1.000000
-19.144989 15.279999 -4.998993 1.000000
-13.931992 20.625992 2.334000 1.000000
-19.144989 15.279999 -4.998993 1.000000
-19.391998 15.587997 2.442993 1.000000
-19.391998 15.587997 2.442993 1.000000
-19.144989 15.279999 -4.998993 1.000000
-22.793991 8.998993 -4.941986 1.000000
-19.391998 15.587997 2.442993 1.000000
-22.793991 8.998993 -4.941986 1.000000
-23.125992 9.161987 2.500000 1.000000
-23.125992 9.161987 2.500000 1.000000
-22.793991 8.998993 -4.941986 1.000000
-24.431000 1.919998 -4.940994 1.000000
-23.125992 9.161987 2.500000 1.000000
-24.431000 1.919998 -4.940994 1.000000
-24.799988 1.921997 2.501999 1.000000
-24.799988 1.921997 2.501999 1.000000
-24.431000 1.919998 -4.940994 1.000000
-23.909988 -5.325989 -4.994995 1.000000
-24.799988 1.921997 2.501999 1.000000
-23.909988 -5.325989 -4.994995 1.000000
-24.266998 -5.488998 2.446991 1.000000
-24.266998 -5.488998 2.446991 1.000000
-23.909988 -5.325989 -4.994995 1.000000
-21.276993 -12.096985 -5.097992 1.000000
-24.266998 -5.488998 2.446991 1.000000
-21.276993 -12.096985 -5.097992 1.000000
-21.572998 -12.414993 2.340988 1.000000
-21.572998 -12.414993 2.340988 1.000000
-21.276993 -12.096985 -5.097992 1.000000
-16.764999 -17.788986 -5.243988 1.000000
-21.572998 -12.414993 2.340988 1.000000
-16.764999 -17.788986 -5.243988 1.000000
-16.957993 -18.237991 2.191986 1.000000
-16.957993 -18.237991 2.191986 1.000000
-16.764999 -17.788986 -5.243988 1.000000
-10.775986 -21.897995 -5.416992 1.000000
-16.957993 -18.237991 2.191986 1.000000
-10.775986 -21.897995 -5.416992 1.000000
-10.832993 -22.440994 2.014999 1.000000
-10.832993 -22.440994 2.014999 1.000000
-10.775986 -21.897995 -5.416992 1.000000
-3.841995 -24.058990 -5.602997 1.000000
-10.832993 -22.440994 2.014999 1.000000
-3.841995 -24.058990 -5.602997 1.000000
-3.739990 -24.651993 1.824997 1.000000
-3.739990 -24.651993 1.824997 1.000000
-3.841995 -24.058990 -5.602997 1.000000
3.421997 -24.079987 -5.784988 1.000000
-3.739990 -24.651993 1.824997 1.000000
3.421997 -24.079987 -5.784988 1.000000
3.688995 -24.671997 1.637985 1.000000
3.688995 -24.671997 1.637985 1.000000
3.421997 -24.079987 -5.784988 1.000000
10.367996 -21.956985 -5.947998 1.000000
3.688995 -24.671997 1.637985 1.000000
10.367996 -21.956985 -5.947998 1.000000
10.794998 -22.500992 1.471985 1.000000
10.794998 -22.500992 1.471985 1.000000
10.367996 -21.956985 -5.947998 1.000000
16.380997 -17.881989 -6.075989 1.000000
10.794998 -22.500992 1.471985 1.000000
16.380997 -17.881989 -6.075989 1.000000
16.944992 -18.331985 1.340988 1.000000
16.944992 -18.331985 1.340988 1.000000
16.380997 -17.881989 -6.075989 1.000000
20.925995 -12.214996 -6.157990 1.000000
16.944992 -18.331985 1.340988 1.000000
20.925995 -12.214996 -6.157990 1.000000
21.592987 -12.534988 1.256989 1.000000
21.592987 -12.534988 1.256989 1.000000
20.925995 -12.214996 -6.157990 1.000000
23.598999 -5.459000 -6.187988 1.000000
21.592987 -12.534988 1.256989 1.000000
23.598999 -5.459000 -6.187988 1.000000
24.327988 -5.625000 1.226990 1.000000
24.327988 -5.625000 1.226990 1.000000
23.598999 -5.459000 -6.187988 1.000000
24.162994 1.783997 -6.160995 1.000000
24.327988 -5.625000 1.226990 1.000000
24.162994 1.783997 -6.160995 1.000000
24.903992 1.782990 1.253998 1.000000
24.903992 1.782990 1.253998 1.000000
24.162994 1.783997 -6.160995 1.000000
22.566986 8.872986 -6.081985 1.000000
24.903992 1.782990 1.253998 1.000000
22.566986 8.872986 -6.081985 1.000000
23.272995 9.032990 1.334991 1.000000
23.272995 9.032990 1.334991 1.000000
22.566986 8.872986 -6.081985 1.000000
18.954987 15.173996 -5.955994 1.000000
23.272995 9.032990 1.334991 1.000000
18.954987 15.173996 -5.955994 1.000000
19.576996 15.478989 1.463989 1.000000
19.576996 15.478989 1.463989 1.000000
18.954987 15.173996 -5.955994 1.000000
13.644989 20.129990 -5.794998 1.000000
19.576996 15.478989 1.463989 1.000000
13.644989 20.129990 -5.794998 1.000000
14.146988 20.547989 1.627991 1.000000
14.146988 20.547989 1.627991 1.000000
13.644989 20.129990 -5.794998 1.000000
7.109985 23.300995 -5.612991 1.000000
14.146988 20.547989 1.627991 1.000000
7.109985 23.300995 -5.612991 1.000000
7.461990 23.791992 1.813995 1.000000
7.461990 23.791992 1.813995 1.000000
7.109985 23.300995 -5.612991 1.000000
-0.067993 24.403992 -5.426987 1.000000
7.461990 23.791992 1.813995 1.000000
-0.067993 24.403992 -5.426987 1.000000
0.119995 24.918991 2.004990 1.000000
-0.067993 24.403992 -5.426987 1.000000
-0.250000 21.719986 -12.375992 1.000000
-6.632996 20.775986 -12.220993 1.000000
-0.067993 24.403992 -5.426987 1.000000
-6.632996 20.775986 -12.220993 1.000000
-7.252991 23.340988 -5.251999 1.000000
-7.252991 23.340988 -5.251999 1.000000
-6.632996 20.775986 -12.220993 1.000000
-12.452988 17.992996 -12.090988 1.000000
-7.252991 23.340988 -5.251999 1.000000
-12.452988 17.992996 -12.090988 1.000000
-13.806000 20.206985 -5.104996 1.000000
-13.806000 20.206985 -5.104996 1.000000
-12.452988 17.992996 -12.090988 1.000000
-17.195999 13.615997 -11.995987 1.000000
-13.806000 20.206985 -5.104996 1.000000
-17.195999 13.615997 -11.995987 1.000000
-19.144989 15.279999 -4.998993 1.000000
-19.144989 15.279999 -4.998993 1.000000
-17.195999 13.615997 -11.995987 1.000000
-20.437988 8.035995 -11.945999 1.000000
-19.144989 15.279999 -4.998993 1.000000
-20.437988 8.035995 -11.945999 1.000000
-22.793991 8.998993 -4.941986 1.000000
-22.793991 8.998993 -4.941986 1.000000
-20.437988 8.035995 -11.945999 1.000000
-21.891998 1.747986 -11.944992 1.000000
-22.793991 8.998993 -4.941986 1.000000
-21.891998 1.747986 -11.944992 1.000000
-24.431000 1.919998 -4.940994 1.000000
-24.431000 1.919998 -4.940994 1.000000
-21.891998 1.747986 -11.944992 1.000000
-21.428986 -4.688995 -11.992996 1.000000
-24.431000 1.919998 -4.940994 1.000000
-21.428986 -4.688995 -11.992996 1.000000
-23.909988 -5.325989 -4.994995 1.000000
-23.909988 -5.325989 -4.994995 1.000000
-21.428986 -4.688995 -11.992996 1.000000
-19.088989 -10.702988 -12.084991 1.000000
-23.909988 -5.325989 -4.994995 1.000000
-19.088989 -10.702988 -12.084991 1.000000
-21.276993 -12.096985 -5.097992 1.000000
-21.276993 -12.096985 -5.097992 1.000000
-19.088989 -10.702988 -12.084991 1.000000
-15.080994 -15.759995 -12.213989 1.000000
-21.276993 -12.096985 -5.097992 1.000000
-15.080994 -15.759995 -12.213989 1.000000
-16.764999 -17.788986 -5.243988 1.000000
-16.764999 -17.788986 -5.243988 1.000000
-15.080994 -15.759995 -12.213989 1.000000
-9.761993 -19.410995 -12.367996 1.000000
-16.764999 -17.788986 -5.243988 1.000000
-9.761993 -19.410995 -12.367996 1.000000
-10.775986 -21.897995 -5.416992 1.000000
-10.775986 -21.897995 -5.416992 1.000000
-9.761993 -19.410995 -12.367996 1.000000
-3.601990 -21.329987 -12.532990 1.000000
-10.775986 -21.897995 -5.416992 1.000000
-3.601990 -21.329987 -12.532990 1.000000
-3.841995 -24.058990 -5.602997 1.000000
-3.841995 -24.058990 -5.602997 1.000000
-3.601990 -21.329987 -12.532990 1.000000
2.849991 -21.347992 -12.694992 1.000000
-3.841995 -24.058990 -5.602997 1.000000
2.849991 -21.347992 -12.694992 1.000000
3.421997 -24.079987 -5.784988 1.000000
3.421997 -24.079987 -5.784988 1.000000
2.849991 -21.347992 -12.694992 1.000000
9.019989 -19.462997 -12.838989 1.000000
3.421997 -24.079987 -5.784988 1.000000
9.019989 -19.462997 -12.838989 1.000000
10.367996 -21.956985 -5.947998 1.000000
10.367996 -21.956985 -5.947998 1.000000
9.019989 -19.462997 -12.838989 1.000000
14.360992 -15.841995 -12.952988 1.000000
10.367996 -21.956985 -5.947998 1.000000
14.360992 -15.841995 -12.952988 1.000000
16.380997 -17.881989 -6.075989 1.000000
16.380997 -17.881989 -6.075989 1.000000
14.360992 -15.841995 -12.952988 1.000000
18.398987 -10.806992 -13.025986 1.000000
16.380997 -17.881989 -6.075989 1.000000
18.398987 -10.806992 -13.025986 1.000000
20.925995 -12.214996 -6.157990 1.000000
20.925995 -12.214996 -6.157990 1.000000
18.398987 -10.806992 -13.025986 1.000000
20.773987 -4.806992 -13.051987 1.000000
20.925995 -12.214996 -6.157990 1.000000
20.773987 -4.806992 -13.051987 1.000000
23.598999 -5.459000 -6.187988 1.000000
23.598999 -5.459000 -6.187988 1.000000
20.773987 -4.806992 -13.051987 1.000000
21.273987 1.627991 -13.028992 1.000000
23.598999 -5.459000 -6.187988 1.000000
21.273987 1.627991 -13.028992 1.000000
24.162994 1.783997 -6.160995 1.000000
24.162994 1.783997 -6.160995 1.000000
21.273987 1.627991 -13.028992 1.000000
19.856995 7.922989 -12.957993 1.000000
24.162994 1.783997 -6.160995 1.000000
19.856995 7.922989 -12.957993 1.000000
22.566986 8.872986 -6.081985 1.000000
22.566986 8.872986 -6.081985 1.000000
19.856995 7.922989 -12.957993 1.000000
16.647995 13.520996 -12.845993 1.000000
22.566986 8.872986 -6.081985 1.000000
16.647995 13.520996 -12.845993 1.000000
18.954987 15.173996 -5.955994 1.000000
18.954987 15.173996 -5.955994 1.000000
16.647995 13.520996 -12.845993 1.000000
11.931000 17.923996 -12.702988 1.000000
18.954987 15.173996 -5.955994 1.000000
11.931000 17.923996 -12.702988 1.000000
13.644989 20.129990 -5.794998 1.000000
13.644989 20.129990 -5.794998 1.000000
11.931000 17.923996 -12.702988 1.000000
6.126999 20.740997 -12.541992 1.000000
13.644989 20.129990 -5.794998 1.000000
6.126999 20.740997 -12.541992 1.000000
7.109985 23.300995 -5.612991 1.000000
7.109985 23.300995 -5.612991 1.000000
6.126999 20.740997 -12.541992 1.000000
-0.250000 21.719986 -12.375992 1.000000
7.109985 23.300995 -5.612991 1.000000
-0.250000 21.719986 -12.375992 1.000000
-0.067993 24.403992 -5.426987 1.000000
-0.250000 21.719986 -12.375992 1.000000
-0.409988 17.105988 -18.225998 1.000000
-5.422989 16.364990 -18.103989 1.000000
-0.250000 21.719986 -12.375992 1.000000
-5.422989 16.364990 -18.103989 1.000000
-6.632996 20.775986 -12.220993 1.000000
-6.632996 20.775986 -12.220993 1.000000
-5.422989 16.364990 -18.103989 1.000000
-9.994995 14.178986 -18.001999 1.000000
-6.632996 20.775986 -12.220993 1.000000
-9.994995 14.178986 -18.001999 1.000000
-12.452988 17.992996 -12.090988 1.000000
-12.452988 17.992996 -12.090988 1.000000
-9.994995 14.178986 -18.001999 1.000000
-13.718994 10.740997 -17.927994 1.000000
-12.452988 17.992996 -12.090988 1.000000
-13.718994 10.740997 -17.927994 1.000000
-17.195999 13.615997 -11.995987 1.000000
-17.195999 13.615997 -11.995987 1.000000
-13.718994 10.740997 -17.927994 1.000000
-16.265991 6.358994 -17.887985 1.000000
-17.195999 13.615997 -11.995987 1.000000
-16.265991 6.358994 -17.887985 1.000000
-20.437988 8.035995 -11.945999 1.000000
-20.437988 8.035995 -11.945999 1.000000
-16.265991 6.358994 -17.887985 1.000000
-17.407990 1.420990 -17.886993 1.000000
-20.437988 8.035995 -11.945999 1.000000
-17.407990 1.420990 -17.886993 1.000000
-21.891998 1.747986 -11.944992 1.000000
-21.891998 1.747986 -11.944992 1.000000
-17.407990 1.420990 -17.886993 1.000000
-17.043991 -3.634995 -17.924988 1.000000
-21.891998 1.747986 -11.944992 1.000000
-17.043991 -3.634995 -17.924988 1.000000
-21.428986 -4.688995 -11.992996 1.000000
-21.428986 -4.688995 -11.992996 1.000000
-17.043991 -3.634995 -17.924988 1.000000
-15.205994 -8.357986 -17.996994 1.000000
-21.428986 -4.688995 -11.992996 1.000000
-15.205994 -8.357986 -17.996994 1.000000
-19.088989 -10.702988 -12.084991 1.000000
-19.088989 -10.702988 -12.084991 1.000000
-15.205994 -8.357986 -17.996994 1.000000
-12.058990 -12.329987 -18.097992 1.000000
-19.088989 -10.702988 -12.084991 1.000000
-12.058990 -12.329987 -18.097992 1.000000
-15.080994 -15.759995 -12.213989 1.000000
-15.080994 -15.759995 -12.213989 1.000000
-12.058990 -12.329987 -18.097992 1.000000
-7.879990 -15.196991 -18.218994 1.000000
-15.080994 -15.759995 -12.213989 1.000000
-7.879990 -15.196991 -18.218994 1.000000
-9.761993 -19.410995 -12.367996 1.000000
-9.761993 -19.410995 -12.367996 1.000000
-7.879990 -15.196991 -18.218994 1.000000
-3.041992 -16.703995 -18.348999 1.000000
-9.761993 -19.410995 -12.367996 1.000000
-3.041992 -16.703995 -18.348999 1.000000
-3.601990 -21.329987 -12.532990 1.000000
-3.601990 -21.329987 -12.532990 1.000000
-3.041992 -16.703995 -18.348999 1.000000
2.023987 -16.717987 -18.475998 1.000000
-3.601990 -21.329987 -12.532990 1.000000
2.023987 -16.717987 -18.475998 1.000000
2.849991 -21.347992 -12.694992 1.000000
2.849991 -21.347992 -12.694992 1.000000
2.023987 -16.717987 -18.475998 1.000000
6.870987 -15.237991 -18.589996 1.000000
2.849991 -21.347992 -12.694992 1.000000
6.870987 -15.237991 -18.589996 1.000000
9.019989 -19.462997 -12.838989 1.000000
9.019989 -19.462997 -12.838989 1.000000
6.870987 -15.237991 -18.589996 1.000000
11.065994 -12.394989 -18.678986 1.000000
9.019989 -19.462997 -12.838989 1.000000
11.065994 -12.394989 -18.678986 1.000000
14.360992 -15.841995 -12.952988 1.000000
14.360992 -15.841995 -12.952988 1.000000
11.065994 -12.394989 -18.678986 1.000000
14.237000 -8.439987 -18.737000 1.000000
14.360992 -15.841995 -12.952988 1.000000
14.237000 -8.439987 -18.737000 1.000000
18.398987 -10.806992 -13.025986 1.000000
18.398987 -10.806992 -13.025986 1.000000
14.237000 -8.439987 -18.737000 1.000000
16.101990 -3.727997 -18.756989 1.000000
18.398987 -10.806992 -13.025986 1.000000
16.101990 -3.727997 -18.756989 1.000000
20.773987 -4.806992 -13.051987 1.000000
20.773987 -4.806992 -13.051987 1.000000
16.101990 -3.727997 -18.756989 1.000000
16.495987 1.325989 -18.738998 1.000000
20.773987 -4.806992 -13.051987 1.000000
16.495987 1.325989 -18.738998 1.000000
21.273987 1.627991 -13.028992 1.000000
21.273987 1.627991 -13.028992 1.000000
16.495987 1.325989 -18.738998 1.000000
15.381989 6.269989 -18.682999 1.000000
21.273987 1.627991 -13.028992 1.000000
15.381989 6.269989 -18.682999 1.000000
19.856995 7.922989 -12.957993 1.000000
19.856995 7.922989 -12.957993 1.000000
15.381989 6.269989 -18.682999 1.000000
12.862000 10.666992 -18.594986 1.000000
19.856995 7.922989 -12.957993 1.000000
12.862000 10.666992 -18.594986 1.000000
16.647995 13.520996 -12.845993 1.000000
16.647995 13.520996 -12.845993 1.000000
12.862000 10.666992 -18.594986 1.000000
9.156998 14.125000 -18.482986 1.000000
16.647995 13.520996 -12.845993 1.000000
9.156998 14.125000 -18.482986 1.000000
11.931000 17.923996 -12.702988 1.000000
11.931000 17.923996 -12.702988 1.000000
9.156998 14.125000 -18.482986 1.000000
4.597992 16.336990 -18.355988 1.000000
11.931000 17.923996 -12.702988 1.000000
4.597992 16.336990 -18.355988 1.000000
6.126999 20.740997 -12.541992 1.000000
6.126999 20.740997 -12.541992 1.000000
4.597992 16.336990 -18.355988 1.000000
-0.409988 17.105988 -18.225998 1.000000
6.126999 20.740997 -12.541992 1.000000
-0.409988 17.105988 -18.225998 1.000000
-0.250000 21.719986 -12.375992 1.000000
-0.409988 17.105988 -18.225998 1.000000
-0.532990 10.972992 -22.456985 1.000000
-3.730988 10.500000 -22.378998 1.000000
-0.409988 17.105988 -18.225998 1.000000
-3.730988 10.500000 -22.378998 1.000000
-5.422989 16.364990 -18.103989 1.000000
-5.422989 16.364990 -18.103989 1.000000
-3.730988 10.500000 -22.378998 1.000000
-6.646988 9.104996 -22.313995 1.000000
-5.422989 16.364990 -18.103989 1.000000
-6.646988 9.104996 -22.313995 1.000000
-9.994995 14.178986 -18.001999 1.000000
-9.994995 14.178986 -18.001999 1.000000
-6.646988 9.104996 -22.313995 1.000000
-9.023987 6.911987 -22.265991 1.000000
-9.994995 14.178986 -18.001999 1.000000
-9.023987 6.911987 -22.265991 1.000000
-13.718994 10.740997 -17.927994 1.000000
-13.718994 10.740997 -17.927994 1.000000
-9.023987 6.911987 -22.265991 1.000000
-10.646988 4.116989 -22.240997 1.000000
-13.718994 10.740997 -17.927994 1.000000
-10.646988 4.116989 -22.240997 1.000000
-16.265991 6.358994 -17.887985 1.000000
-16.265991 6.358994 -17.887985 1.000000
-10.646988 4.116989 -22.240997 1.000000
-11.375992 0.966995 -22.240997 1.000000
-16.265991 6.358994 -17.887985 1.000000
-11.375992 0.966995 -22.240997 1.000000
-17.407990 1.420990 -17.886993 1.000000
-17.407990 1.420990 -17.886993 1.000000
-11.375992 0.966995 -22.240997 1.000000
-11.143997 -2.258987 -22.263992 1.000000
-17.407990 1.420990 -17.886993 1.000000
-11.143997 -2.258987 -22.263992 1.000000
-17.043991 -3.634995 -17.924988 1.000000
-17.043991 -3.634995 -17.924988 1.000000
-11.143997 -2.258987 -22.263992 1.000000
-9.971985 -5.271988 -22.310989 1.000000
-17.043991 -3.634995 -17.924988 1.000000
-9.971985 -5.271988 -22.310989 1.000000
-15.205994 -8.357986 -17.996994 1.000000
-15.205994 -8.357986 -17.996994 1.000000
-9.971985 -5.271988 -22.310989 1.000000
-7.963989 -7.803986 -22.375000 1.000000
-15.205994 -8.357986 -17.996994 1.000000
-7.963989 -7.803986 -22.375000 1.000000
-12.058990 -12.329987 -18.097992 1.000000
-12.058990 -12.329987 -18.097992 1.000000
-7.963989 -7.803986 -22.375000 1.000000
-5.297989 -9.633987 -22.451996 1.000000
-12.058990 -12.329987 -18.097992 1.000000
-5.297989 -9.633987 -22.451996 1.000000
-7.879990 -15.196991 -18.218994 1.000000
-7.879990 -15.196991 -18.218994 1.000000
-5.297989 -9.633987 -22.451996 1.000000
-2.212997 -10.594986 -22.534988 1.000000
-7.879990 -15.196991 -18.218994 1.000000
-2.212997 -10.594986 -22.534988 1.000000
-3.041992 -16.703995 -18.348999 1.000000
-3.041992 -16.703995 -18.348999 1.000000
-2.212997 -10.594986 -22.534988 1.000000
1.019989 -10.603989 -22.615997 1.000000
-3.041992 -16.703995 -18.348999 1.000000
1.019989 -10.603989 -22.615997 1.000000
2.023987 -16.717987 -18.475998 1.000000
2.023987 -16.717987 -18.475998 1.000000
1.019989 -10.603989 -22.615997 1.000000
4.110992 -9.659988 -22.688995 1.000000
2.023987 -16.717987 -18.475998 1.000000
4.110992 -9.659988 -22.688995 1.000000
6.870987 -15.237991 -18.589996 1.000000
6.870987 -15.237991 -18.589996 1.000000
4.110992 -9.659988 -22.688995 1.000000
6.786987 -7.845993 -22.745987 1.000000
6.870987 -15.237991 -18.589996 1.000000
6.786987 -7.845993 -22.745987 1.000000
11.065994 -12.394989 -18.678986 1.000000
11.065994 -12.394989 -18.678986 1.000000
6.786987 -7.845993 -22.745987 1.000000
8.809998 -5.323990 -22.781998 1.000000
11.065994 -12.394989 -18.678986 1.000000
8.809998 -5.323990 -22.781998 1.000000
14.237000 -8.439987 -18.737000 1.000000
14.237000 -8.439987 -18.737000 1.000000
8.809998 -5.323990 -22.781998 1.000000
9.998993 -2.317993 -22.794998 1.000000
14.237000 -8.439987 -18.737000 1.000000
9.998993 -2.317993 -22.794998 1.000000
16.101990 -3.727997 -18.756989 1.000000
16.101990 -3.727997 -18.756989 1.000000
9.998993 -2.317993 -22.794998 1.000000
10.250992 0.906998 -22.783997 1.000000
16.101990 -3.727997 -18.756989 1.000000
10.250992 0.906998 -22.783997 1.000000
16.495987 1.325989 -18.738998 1.000000
16.495987 1.325989 -18.738998 1.000000
10.250992 0.906998 -22.783997 1.000000
9.539993 4.060989 -22.747986 1.000000
16.495987 1.325989 -18.738998 1.000000
9.539993 4.060989 -22.747986 1.000000
15.381989 6.269989 -18.682999 1.000000
15.381989 6.269989 -18.682999 1.000000
9.539993 4.060989 -22.747986 1.000000
7.932999 6.864990 -22.691986 1.000000
15.381989 6.269989 -18.682999 1.000000
7.932999 6.864990 -22.691986 1.000000
12.862000 10.666992 -18.594986 1.000000
12.862000 10.666992 -18.594986 1.000000
7.932999 6.864990 -22.691986 1.000000
5.568985 9.070999 -22.619995 1.000000
12.862000 10.666992 -18.594986 1.000000
5.568985 9.070999 -22.619995 1.000000
9.156998 14.125000 -18.482986 1.000000
9.156998 14.125000 -18.482986 1.000000
5.568985 9.070999 -22.619995 1.000000
2.660995 10.481995 -22.539993 1.000000
9.156998 14.125000 -18.482986 1.000000
2.660995 10.481995 -22.539993 1.000000
4.597992 16.336990 -18.355988 1.000000
4.597992 16.336990 -18.355988 1.000000
2.660995 10.481995 -22.539993 1.000000
-0.532990 10.972992 -22.456985 1.000000
4.597992 16.336990 -18.355988 1.000000
-0.532990 10.972992 -22.456985 1.000000
-0.409988 17.105988 -18.225998 1.000000
-0.626999 0.139999 -24.991989 1.000000
-3.730988 10.500000 -22.378998 1.000000
-0.532990 10.972992 -22.456985 1.000000
-0.626999 0.139999 -24.991989 1.000000
-6.646988 9.104996 -22.313995 1.000000
-3.730988 10.500000 -22.378998 1.000000
-0.626999 0.139999 -24.991989 1.000000
-9.023987 6.911987 -22.265991 1.000000
-6.646988 9.104996 -22.313995 1.000000
-0.626999 0.139999 -24.991989 1.000000
-10.646988 4.116989 -22.240997 1.000000
-9.023987 6.911987 -22.265991 1.000000
-0.626999 0.139999 -24.991989 1.000000
-11.375992 0.966995 -22.240997 1.000000
-10.646988 4.116989 -22.240997 1.000000
-0.626999 0.139999 -24.991989 1.000000
-11.143997 -2.258987 -22.263992 1.000000
-11.375992 0.966995 -22.240997 1.000000
-0.626999 0.139999 -24.991989 1.000000
-9.971985 -5.271988 -22.310989 1.000000
-11.143997 -2.258987 -22.263992 1.000000
-0.626999 0.139999 -24.991989 1.000000
-7.963989 -7.803986 -22.375000 1.000000
-9.971985 -5.271988 -22.310989 1.000000
-0.626999 0.139999 -24.991989 1.000000
-5.297989 -9.633987 -22.451996 1.000000
-7.963989 -7.803986 -22.375000 1.000000
-0.626999 0.139999 -24.991989 1.000000
-2.212997 -10.594986 -22.534988 1.000000
-5.297989 -9.633987 -22.451996 1.000000
-0.626999 0.139999 -24.991989 1.000000
1.019989 -10.603989 -22.615997 1.000000
-2.212997 -10.594986 -22.534988 1.000000
-0.626999 0.139999 -24.991989 1.000000
4.110992 -9.659988 -22.688995 1.000000
1.019989 -10.603989 -22.615997 1.000000
-0.626999 0.139999 -24.991989 1.000000
6.786987 -7.845993 -22.745987 1.000000
4.110992 -9.659988 -22.688995 1.000000
-0.626999 0.139999 -24.991989 1.000000
8.809998 -5.323990 -22.781998 1.000000
6.786987 -7.845993 -22.745987 1.000000
-0.626999 0.139999 -24.991989 1.000000
9.998993 -2.317993 -22.794998 1.000000
8.809998 -5.323990 -22.781998 1.000000
-0.626999 0.139999 -24.991989 1.000000
10.250992 0.906998 -22.783997 1.000000
9.998993 -2.317993 -22.794998 1.000000
-0.626999 0.139999 -24.991989 1.000000
9.539993 4.060989 -22.747986 1.000000
10.250992 0.906998 -22.783997 1.000000
-0.626999 0.139999 -24.991989 1.000000
7.932999 6.864990 -22.691986 1.000000
9.539993 4.060989 -22.747986 1.000000
-0.626999 0.139999 -24.991989 1.000000
5.568985 9.070999 -22.619995 1.000000
7.932999 6.864990 -22.691986 1.000000
-0.626999 0.139999 -24.991989 1.000000
2.660995 10.481995 -22.539993 1.000000
5.568985 9.070999 -22.619995 1.000000
-0.626999 0.139999 -24.991989 1.000000
-0.532990 10.972992 -22.456985 1.000000
2.660995 10.481995 -22.539993 1.000000

