0.500000 0.502991 0.000000 1.000000
0.500000 0.354996 0.000000 1.000000
0.455994 0.360992 0.000000 1.000000
0.500000 0.502991 0.000000 1.000000
0.455994 0.360992 0.000000 1.000000
0.416992 0.380997 0.000000 1.000000
0.500000 0.502991 0.000000 1.000000
0.416992 0.380997 0.000000 1.000000
0.383987 0.410995 0.000000 1.000000
0.500000 0.502991 0.000000 1.000000
0.383987 0.410995 0.000000 1.000000
0.362000 0.448990 0.000000 1.000000
0.500000 0.502991 0.000000 1.000000
0.362000 0.448990 0.000000 1.000000
0.352997 0.491989 0.000000 1.000000
0.500000 0.502991 0.000000 1.000000
0.352997 0.491989 0.000000 1.000000
0.355988 0.535995 0.000000 1.000000
0.500000 0.502991 0.000000 1.000000
0.355988 0.535995 0.000000 1.000000
0.371994 0.576996 0.000000 1.000000
0.500000 0.502991 0.000000 1.000000
0.371994 0.576996 0.000000 1.000000
0.398987 0.610992 0.000000 1.000000
0.500000 0.502991 0.000000 1.000000
0.398987 0.610992 0.000000 1.000000
0.435989 0.635986 0.000000 1.000000
0.500000 0.502991 0.000000 1.000000
0.435989 0.635986 0.000000 1.000000
0.477997 0.648987 0.000000 1.000000
0.500000 0.502991 0.000000 1.000000
0.477997 0.648987 0.000000 1.000000
0.521988 0.648987 0.000000 1.000000
0.500000 0.502991 0.000000 1.000000
0.521988 0.648987 0.000000 1.000000
0.563995 0.635986 0.000000 1.000000
0.500000 0.502991 0.000000 1.000000
0.563995 0.635986 0.000000 1.000000
0.600998 0.610992 0.000000 1.000000
0.500000 0.502991 0.000000 1.000000
0.600998 0.610992 0.000000 1.000000
0.627991 0.576996 0.000000 1.000000
0.500000 0.502991 0.000000 1.000000
0.627991 0.576996 0.000000 1.000000
0.643997 0.535995 0.000000 1.000000
0.500000 0.502991 0.000000 1.000000
0.643997 0.535995 0.000000 1.000000
0.646988 0.491989 0.000000 1.000000
0.500000 0.502991 0.000000 1.000000
0.646988 0.491989 0.000000 1.000000
0.637985 0.448990 0.000000 1.000000
0.500000 0.502991 0.000000 1.000000
0.637985 0.448990 0.000000 1.000000
0.615997 0.410995 0.000000 1.000000
0.500000 0.502991 0.000000 1.000000
0.615997 0.410995 0.000000 1.000000
0.582993 0.380997 0.000000 1.000000
0.500000 0.502991 0.000000 1.000000
0.582993 0.380997 0.000000 1.000000
0.543991 0.360992 0.000000 1.000000
0.500000 0.502991 0.000000 1.000000
0.543991 0.360992 0.000000 1.000000
0.500000 0.354996 0.000000 1.000000
0.500000 0.354996 0.000000 1.000000
0.500000 0.219986 0.000000 1.000000
0.416992 0.232986 0.000000 1.000000
0.500000 0.354996 0.000000 1.000000
0.416992 0.232986 0.000000 1.000000
0.455994 0.360992 0.000000 1.000000
0.455994 0.360992 0.000000 1.000000
0.416992 0.232986 0.000000 1.000000
0.340988 0.268997 0.000000 1.000000
0.455994 0.360992 0.000000 1.000000
0.340988 0.268997 0.000000 1.000000
0.416992 0.380997 0.000000 1.000000
0.416992 0.380997 0.000000 1.000000
0.340988 0.268997 0.000000 1.000000
0.278992 0.326996 0.000000 1.000000
0.416992 0.380997 0.000000 1.000000
0.278992 0.326996 0.000000 1.000000
0.383987 0.410995 0.000000 1.000000
0.383987 0.410995 0.000000 1.000000
0.278992 0.326996 0.000000 1.000000
0.237000 0.399994 0.000000 1.000000
0.383987 0.410995 0.000000 1.000000
0.237000 0.399994 0.000000 1.000000
0.362000 0.448990 0.000000 1.000000
0.362000 0.448990 0.000000 1.000000
0.237000 0.399994 0.000000 1.000000
0.217987 0.481995 0.000000 1.000000
0.362000 0.448990 0.000000 1.000000
0.217987 0.481995 0.000000 1.000000
0.352997 0.491989 0.000000 1.000000
0.352997 0.491989 0.000000 1.000000
0.217987 0.481995 0.000000 1.000000
0.223999 0.565994 0.000000 1.000000
0.352997 0.491989 0.000000 1.000000
0.223999 0.565994 0.000000 1.000000
0.355988 0.535995 0.000000 1.000000
0.355988 0.535995 0.000000 1.000000
0.223999 0.565994 0.000000 1.000000
0.254990 0.643997 0.000000 1.000000
0.355988 0.535995 0.000000 1.000000
0.254990 0.643997 0.000000 1.000000
0.371994 0.576996 0.000000 1.000000
0.371994 0.576996 0.000000 1.000000
0.254990 0.643997 0.000000 1.000000
0.307999 0.709991 0.000000 1.000000
0.371994 0.576996 0.000000 1.000000
0.307999 0.709991 0.000000 1.000000
0.398987 0.610992 0.000000 1.000000
0.398987 0.610992 0.000000 1.000000
0.307999 0.709991 0.000000 1.000000
0.376999 0.756989 0.000000 1.000000
0.398987 0.610992 0.000000 1.000000
0.376999 0.756989 0.000000 1.000000
0.435989 0.635986 0.000000 1.000000
0.435989 0.635986 0.000000 1.000000
0.376999 0.756989 0.000000 1.000000
0.457993 0.781998 0.000000 1.000000
0.435989 0.635986 0.000000 1.000000
0.457993 0.781998 0.000000 1.000000
0.477997 0.648987 0.000000 1.000000
0.477997 0.648987 0.000000 1.000000
0.457993 0.781998 0.000000 1.000000
0.541992 0.781998 0.000000 1.000000
0.477997 0.648987 0.000000 1.000000
0.541992 0.781998 0.000000 1.000000
0.521988 0.648987 0.000000 1.000000
0.521988 0.648987 0.000000 1.000000
0.541992 0.781998 0.000000 1.000000
0.622986 0.756989 0.000000 1.000000
0.521988 0.648987 0.000000 1.000000
0.622986 0.756989 0.000000 1.000000
0.563995 0.635986 0.000000 1.000000
0.563995 0.635986 0.000000 1.000000
0.622986 0.756989 0.000000 1.000000
0.691986 0.709991 0.000000 1.000000
0.563995 0.635986 0.000000 1.000000
0.691986 0.709991 0.000000 1.000000
0.600998 0.610992 0.000000 1.000000
0.600998 0.610992 0.000000 1.000000
0.691986 0.709991 0.000000 1.000000
0.744995 0.643997 0.000000 1.000000
0.600998 0.610992 0.000000 1.000000
0.744995 0.643997 0.000000 1.000000
0.627991 0.576996 0.000000 1.000000
0.627991 0.576996 0.000000 1.000000
0.744995 0.643997 0.000000 1.000000
0.775986 0.565994 0.000000 1.000000
0.627991 0.576996 0.000000 1.000000
0.775986 0.565994 0.000000 1.000000
0.643997 0.535995 0.000000 1.000000
0.643997 0.535995 0.000000 1.000000
0.775986 0.565994 0.000000 1.000000
0.781998 0.481995 0.000000 1.000000
0.643997 0.535995 0.000000 1.000000
0.781998 0.481995 0.000000 1.000000
0.646988 0.491989 0.000000 1.000000
0.646988 0.491989 0.000000 1.000000
0.781998 0.481995 0.000000 1.000000
0.762985 0.399994 0.000000 1.000000
0.646988 0.491989 0.000000 1.000000
0.762985 0.399994 0.000000 1.000000
0.637985 0.448990 0.000000 1.000000
0.637985 0.448990 0.000000 1.000000
0.762985 0.399994 0.000000 1.000000
0.720993 0.326996 0.000000 1.000000
0.637985 0.448990 0.000000 1.000000
0.720993 0.326996 0.000000 1.000000
0.615997 0.410995 0.000000 1.000000
0.615997 0.410995 0.000000 1.000000
0.720993 0.326996 0.000000 1.000000
0.658997 0.268997 0.000000 1.000000
0.615997 0.410995 0.000000 1.000000
0.658997 0.268997 0.000000 1.000000
0.582993 0.380997 0.000000 1.000000
0.582993 0.380997 0.000000 1.000000
0.658997 0.268997 0.000000 1.000000
0.582993 0.232986 0.000000 1.000000
0.582993 0.380997 0.000000 1.000000
0.582993 0.232986 0.000000 1.000000
0.543991 0.360992 0.000000 1.000000
0.543991 0.360992 0.000000 1.000000
0.582993 0.232986 0.000000 1.000000
0.500000 0.219986 0.000000 1.000000
0.543991 0.360992 0.000000 1.000000
0.500000 0.219986 0.000000 1.000000
0.500000 0.354996 0.000000 1.000000
0.500000 0.219986 0.000000 1.000000
0.500000 0.109985 0.000000 1.000000
0.383987 0.127991 0.000000 1.000000
0.500000 0.219986 0.000000 1.000000
0.383987 0.127991 0.000000 1.000000
0.416992 0.232986 0.000000 1.000000
0.416992 0.232986 0.000000 1.000000
0.383987 0.127991 0.000000 1.000000
0.278992 0.178986 0.000000 1.000000
0.416992 0.232986 0.000000 1.000000
0.278992 0.178986 0.000000 1.000000
0.340988 0.268997 0.000000 1.000000
0.340988 0.268997 0.000000 1.000000
0.278992 0.178986 0.000000 1.000000
0.192993 0.257996 0.000000 1.000000
0.340988 0.268997 0.000000 1.000000
0.192993 0.257996 0.000000 1.000000
0.278992 0.326996 0.000000 1.000000
0.278992 0.326996 0.000000 1.000000
0.192993 0.257996 0.000000 1.000000
0.134995 0.358994 0.000000 1.000000
0.278992 0.326996 0.000000 1.000000
0.134995 0.358994 0.000000 1.000000
0.237000 0.399994 0.000000 1.000000
0.237000 0.399994 0.000000 1.000000
0.134995 0.358994 0.000000 1.000000
0.108994 0.472992 0.000000 1.000000
0.237000 0.399994 0.000000 1.000000
0.108994 0.472992 0.000000 1.000000
0.217987 0.481995 0.000000 1.000000
0.217987 0.481995 0.000000 1.000000
0.108994 0.472992 0.000000 1.000000
0.116989 0.589996 0.000000 1.000000
0.217987 0.481995 0.000000 1.000000
0.116989 0.589996 0.000000 1.000000
0.223999 0.565994 0.000000 1.000000
0.223999 0.565994 0.000000 1.000000
0.116989 0.589996 0.000000 1.000000
0.159988 0.698990 0.000000 1.000000
0.223999 0.565994 0.000000 1.000000
0.159988 0.698990 0.000000 1.000000
0.254990 0.643997 0.000000 1.000000
0.254990 0.643997 0.000000 1.000000
0.159988 0.698990 0.000000 1.000000
0.232986 0.789993 0.000000 1.000000
0.254990 0.643997 0.000000 1.000000
0.232986 0.789993 0.000000 1.000000
0.307999 0.709991 0.000000 1.000000
0.307999 0.709991 0.000000 1.000000
0.232986 0.789993 0.000000 1.000000
0.329987 0.855988 0.000000 1.000000
0.307999 0.709991 0.000000 1.000000
0.329987 0.855988 0.000000 1.000000
0.376999 0.756989 0.000000 1.000000
0.376999 0.756989 0.000000 1.000000
0.329987 0.855988 0.000000 1.000000
0.441986 0.890991 0.000000 1.000000
0.376999 0.756989 0.000000 1.000000
0.441986 0.890991 0.000000 1.000000
0.457993 0.781998 0.000000 1.000000
0.457993 0.781998 0.000000 1.000000
0.441986 0.890991 0.000000 1.000000
0.557999 0.890991 0.000000 1.000000
0.457993 0.781998 0.000000 1.000000
0.557999 0.890991 0.000000 1.000000
0.541992 0.781998 0.000000 1.000000
0.541992 0.781998 0.000000 1.000000
0.557999 0.890991 0.000000 1.000000
0.669998 0.855988 0.000000 1.000000
0.541992 0.781998 0.000000 1.000000
0.669998 0.855988 0.000000 1.000000
0.622986 0.756989 0.000000 1.000000
0.622986 0.756989 0.000000 1.000000
0.669998 0.855988 0.000000 1.000000
0.766998 0.789993 0.000000 1.000000
0.622986 0.756989 0.000000 1.000000
0.766998 0.789993 0.000000 1.000000
0.691986 0.709991 0.000000 1.000000
0.691986 0.709991 0.000000 1.000000
0.766998 0.789993 0.000000 1.000000
0.839996 0.698990 0.000000 1.000000
0.691986 0.709991 0.000000 1.000000
0.839996 0.698990 0.000000 1.000000
0.744995 0.643997 0.000000 1.000000
0.744995 0.643997 0.000000 1.000000
0.839996 0.698990 0.000000 1.000000
0.882996 0.589996 0.000000 1.000000
0.744995 0.643997 0.000000 1.000000
0.882996 0.589996 0.000000 1.000000
0.775986 0.565994 0.000000 1.000000
0.775986 0.565994 0.000000 1.000000
0.882996 0.589996 0.000000 1.000000
0.890991 0.472992 0.000000 1.000000
0.775986 0.565994 0.000000 1.000000
0.890991 0.472992 0.000000 1.000000
0.781998 0.481995 0.000000 1.000000
0.781998 0.481995 0.000000 1.000000
0.890991 0.472992 0.000000 1.000000
0.864990 0.358994 0.000000 1.000000
0.781998 0.481995 0.000000 1.000000
0.864990 0.358994 0.000000 1.000000
0.762985 0.399994 0.000000 1.000000
0.762985 0.399994 0.000000 1.000000
0.864990 0.358994 0.000000 1.000000
0.806992 0.257996 0.000000 1.000000
0.762985 0.399994 0.000000 1.000000
0.806992 0.257996 0.000000 1.000000
0.720993 0.326996 0.000000 1.000000
0.720993 0.326996 0.000000 1.000000
0.806992 0.257996 0.000000 1.000000
0.720993 0.178986 0.000000 1.000000
0.720993 0.326996 0.000000 1.000000
0.720993 0.178986 0.000000 1.000000
0.658997 0.268997 0.000000 1.000000
0.658997 0.268997 0.000000 1.000000
0.720993 0.178986 0.000000 1.000000
0.615997 0.127991 0.000000 1.000000
0.658997 0.268997 0.000000 1.000000
0.615997 0.127991 0.000000 1.000000
0.582993 0.232986 0.000000 1.000000
0.582993 0.232986 0.000000 1.000000
0.615997 0.127991 0.000000 1.000000
0.500000 0.109985 0.000000 1.000000
0.582993 0.232986 0.000000 1.000000
0.500000 0.109985 0.000000 1.000000
0.500000 0.219986 0.000000 1.000000
0.500000 0.109985 0.000000 1.000000
0.500000 0.035995 0.000000 1.000000
0.362000 0.056000 0.000000 1.000000
0.500000 0.109985 0.000000 1.000000
0.362000 0.056000 0.000000 1.000000
0.383987 0.127991 0.000000 1.000000
0.383987 0.127991 0.000000 1.000000
0.362000 0.056000 0.000000 1.000000
0.237000 0.116989 0.000000 1.000000
0.383987 0.127991 0.000000 1.000000
0.237000 0.116989 0.000000 1.000000
0.278992 0.178986 0.000000 1.000000
0.278992 0.178986 0.000000 1.000000
0.237000 0.116989 0.000000 1.000000
0.134995 0.211990 0.000000 1.000000
0.278992 0.178986 0.000000 1.000000
0.134995 0.211990 0.000000 1.000000
0.192993 0.257996 0.000000 1.000000
0.192993 0.257996 0.000000 1.000000
0.134995 0.211990 0.000000 1.000000
0.064987 0.331985 0.000000 1.000000
0.192993 0.257996 0.000000 1.000000
0.064987 0.331985 0.000000 1.000000
0.134995 0.358994 0.000000 1.000000
0.134995 0.358994 0.000000 1.000000
0.064987 0.331985 0.000000 1.000000
0.033997 0.467987 0.000000 1.000000
0.134995 0.358994 0.000000 1.000000
0.033997 0.467987 0.000000 1.000000
0.108994 0.472992 0.000000 1.000000
0.108994 0.472992 0.000000 1.000000
0.033997 0.467987 0.000000 1.000000
0.044998 0.606995 0.000000 1.000000
0.108994 0.472992 0.000000 1.000000
0.044998 0.606995 0.000000 1.000000
0.116989 0.589996 0.000000 1.000000
0.116989 0.589996 0.000000 1.000000
0.044998 0.606995 0.000000 1.000000
0.094986 0.735992 0.000000 1.000000
0.116989 0.589996 0.000000 1.000000
0.094986 0.735992 0.000000 1.000000
0.159988 0.698990 0.000000 1.000000
0.159988 0.698990 0.000000 1.000000
0.094986 0.735992 0.000000 1.000000
0.181992 0.844986 0.000000 1.000000
0.159988 0.698990 0.000000 1.000000
0.181992 0.844986 0.000000 1.000000
0.232986 0.789993 0.000000 1.000000
0.232986 0.789993 0.000000 1.000000
0.181992 0.844986 0.000000 1.000000
0.296997 0.923996 0.000000 1.000000
0.232986 0.789993 0.000000 1.000000
0.296997 0.923996 0.000000 1.000000
0.329987 0.855988 0.000000 1.000000
0.329987 0.855988 0.000000 1.000000
0.296997 0.923996 0.000000 1.000000
0.429993 0.964996 0.000000 1.000000
0.329987 0.855988 0.000000 1.000000
0.429993 0.964996 0.000000 1.000000
0.441986 0.890991 0.000000 1.000000
0.441986 0.890991 0.000000 1.000000
0.429993 0.964996 0.000000 1.000000
0.569992 0.964996 0.000000 1.000000
0.441986 0.890991 0.000000 1.000000
0.569992 0.964996 0.000000 1.000000
0.557999 0.890991 0.000000 1.000000
0.557999 0.890991 0.000000 1.000000
0.569992 0.964996 0.000000 1.000000
0.702988 0.923996 0.000000 1.000000
0.557999 0.890991 0.000000 1.000000
0.702988 0.923996 0.000000 1.000000
0.669998 0.855988 0.000000 1.000000
0.669998 0.855988 0.000000 1.000000
0.702988 0.923996 0.000000 1.000000
0.817993 0.844986 0.000000 1.000000
0.669998 0.855988 0.000000 1.000000
0.817993 0.844986 0.000000 1.000000
0.766998 0.789993 0.000000 1.000000
0.766998 0.789993 0.000000 1.000000
0.817993 0.844986 0.000000 1.000000
0.904999 0.735992 0.000000 1.000000
0.766998 0.789993 0.000000 1.000000
0.904999 0.735992 0.000000 1.000000
0.839996 0.698990 0.000000 1.000000
0.839996 0.698990 0.000000 1.000000
0.904999 0.735992 0.000000 1.000000
0.954987 0.606995 0.000000 1.000000
0.839996 0.698990 0.000000 1.000000
0.954987 0.606995 0.000000 1.000000
0.882996 0.589996 0.000000 1.000000
0.882996 0.589996 0.000000 1.000000
0.954987 0.606995 0.000000 1.000000
0.965988 0.467987 0.000000 1.000000
0.882996 0.589996 0.000000 1.000000
0.965988 0.467987 0.000000 1.000000
0.890991 0.472992 0.000000 1.000000
0.890991 0.472992 0.000000 1.000000
0.965988 0.467987 0.000000 1.000000
0.934998 0.331985 0.000000 1.000000
0.890991 0.472992 0.000000 1.000000
0.934998 0.331985 0.000000 1.000000
0.864990 0.358994 0.000000 1.000000
0.864990 0.358994 0.000000 1.000000
0.934998 0.331985 0.000000 1.000000
0.864990 0.211990 0.000000 1.000000
0.864990 0.358994 0.000000 1.000000
0.864990 0.211990 0.000000 1.000000
0.806992 0.257996 0.000000 1.000000
0.806992 0.257996 0.000000 1.000000
0.864990 0.211990 0.000000 1.000000
0.762985 0.116989 0.000000 1.000000
0.806992 0.257996 0.000000 1.000000
0.762985 0.116989 0.000000 1.000000
0.720993 0.178986 0.000000 1.000000
0.720993 0.178986 0.000000 1.000000
0.762985 0.116989 0.000000 1.000000
0.637985 0.056000 0.000000 1.000000
0.720993 0.178986 0.000000 1.000000
0.637985 0.056000 0.000000 1.000000
0.615997 0.127991 0.000000 1.000000
0.615997 0.127991 0.000000 1.000000
0.637985 0.056000 0.000000 1.000000
0.500000 0.035995 0.000000 1.000000
0.615997 0.127991 0.000000 1.000000
0.500000 0.035995 0.000000 1.000000
0.500000 0.109985 0.000000 1.000000
0.500000 0.035995 0.000000 1.000000
0.500000 0.001999 0.000000 1.000000
0.352997 0.024994 0.000000 1.000000
0.500000 0.035995 0.000000 1.000000
0.352997 0.024994 0.000000 1.000000
0.362000 0.056000 0.000000 1.000000
0.362000 0.056000 0.000000 1.000000
0.352997 0.024994 0.000000 1.000000
0.217987 0.088989 0.000000 1.000000
0.362000 0.056000 0.000000 1.000000
0.217987 0.088989 0.000000 1.000000
0.237000 0.116989 0.000000 1.000000
0.237000 0.116989 0.000000 1.000000
0.217987 0.088989 0.000000 1.000000
0.108994 0.190994 0.000000 1.000000
0.237000 0.116989 0.000000 1.000000
0.108994 0.190994 0.000000 1.000000
0.134995 0.211990 0.000000 1.000000
0.134995 0.211990 0.000000 1.000000
0.108994 0.190994 0.000000 1.000000
0.033997 0.319992 0.000000 1.000000
0.134995 0.211990 0.000000 1.000000
0.033997 0.319992 0.000000 1.000000
0.064987 0.331985 0.000000 1.000000
0.064987 0.331985 0.000000 1.000000
0.033997 0.319992 0.000000 1.000000
0.000992 0.464996 0.000000 1.000000
0.064987 0.331985 0.000000 1.000000
0.000992 0.464996 0.000000 1.000000
0.033997 0.467987 0.000000 1.000000
0.033997 0.467987 0.000000 1.000000
0.000992 0.464996 0.000000 1.000000
0.011993 0.613998 0.000000 1.000000
0.033997 0.467987 0.000000 1.000000
0.011993 0.613998 0.000000 1.000000
0.044998 0.606995 0.000000 1.000000
0.044998 0.606995 0.000000 1.000000
0.011993 0.613998 0.000000 1.000000
0.066986 0.752991 0.000000 1.000000
0.044998 0.606995 0.000000 1.000000
0.066986 0.752991 0.000000 1.000000
0.094986 0.735992 0.000000 1.000000
0.094986 0.735992 0.000000 1.000000
0.066986 0.752991 0.000000 1.000000
0.159988 0.869995 0.000000 1.000000
0.094986 0.735992 0.000000 1.000000
0.159988 0.869995 0.000000 1.000000
0.181992 0.844986 0.000000 1.000000
0.181992 0.844986 0.000000 1.000000
0.159988 0.869995 0.000000 1.000000
0.282990 0.953995 0.000000 1.000000
0.181992 0.844986 0.000000 1.000000
0.282990 0.953995 0.000000 1.000000
0.296997 0.923996 0.000000 1.000000
0.296997 0.923996 0.000000 1.000000
0.282990 0.953995 0.000000 1.000000
0.424988 0.997986 0.000000 1.000000
0.296997 0.923996 0.000000 1.000000
0.424988 0.997986 0.000000 1.000000
0.429993 0.964996 0.000000 1.000000
0.429993 0.964996 0.000000 1.000000
0.424988 0.997986 0.000000 1.000000
0.574997 0.997986 0.000000 1.000000
0.429993 0.964996 0.000000 1.000000
0.574997 0.997986 0.000000 1.000000
0.569992 0.964996 0.000000 1.000000
0.569992 0.964996 0.000000 1.000000
0.574997 0.997986 0.000000 1.000000
0.716995 0.953995 0.000000 1.000000
0.569992 0.964996 0.000000 1.000000
0.716995 0.953995 0.000000 1.000000
0.702988 0.923996 0.000000 1.000000
0.702988 0.923996 0.000000 1.000000
0.716995 0.953995 0.000000 1.000000
0.839996 0.869995 0.000000 1.000000
0.702988 0.923996 0.000000 1.000000
0.839996 0.869995 0.000000 1.000000
0.817993 0.844986 0.000000 1.000000
0.817993 0.844986 0.000000 1.000000
0.839996 0.869995 0.000000 1.000000
0.932999 0.752991 0.000000 1.000000
0.817993 0.844986 0.000000 1.000000
0.932999 0.752991 0.000000 1.000000
0.904999 0.735992 0.000000 1.000000
0.904999 0.735992 0.000000 1.000000
0.932999 0.752991 0.000000 1.000000
0.987991 0.613998 0.000000 1.000000
0.904999 0.735992 0.000000 1.000000
0.987991 0.613998 0.000000 1.000000
0.954987 0.606995 0.000000 1.000000
0.954987 0.606995 0.000000 1.000000
0.987991 0.613998 0.000000 1.000000
0.998993 0.464996 0.000000 1.000000
0.954987 0.606995 0.000000 1.000000
0.998993 0.464996 0.000000 1.000000
0.965988 0.467987 0.000000 1.000000
0.965988 0.467987 0.000000 1.000000
0.998993 0.464996 0.000000 1.000000
0.965988 0.319992 0.000000 1.000000
0.965988 0.467987 0.000000 1.000000
0.965988 0.319992 0.000000 1.000000
0.934998 0.331985 0.000000 1.000000
0.934998 0.331985 0.000000 1.000000
0.965988 0.319992 0.000000 1.000000
0.890991 0.190994 0.000000 1.000000
0.934998 0.331985 0.000000 1.000000
0.890991 0.190994 0.000000 1.000000
0.864990 0.211990 0.000000 1.000000
0.864990 0.211990 0.000000 1.000000
0.890991 0.190994 0.000000 1.000000
0.781998 0.088989 0.000000 1.000000
0.864990 0.211990 0.000000 1.000000
0.781998 0.088989 0.000000 1.000000
0.762985 0.116989 0.000000 1.000000
0.762985 0.116989 0.000000 1.000000
0.781998 0.088989 0.000000 1.000000
0.646988 0.024994 0.000000 1.000000
0.762985 0.116989 0.000000 1.000000
0.646988 0.024994 0.000000 1.000000
0.637985 0.056000 0.000000 1.000000
0.637985 0.056000 0.000000 1.000000
0.646988 0.024994 0.000000 1.000000
0.500000 0.001999 0.000000 1.000000
0.637985 0.056000 0.000000 1.000000
0.500000 0.001999 0.000000 1.000000
0.500000 0.035995 0.000000 1.000000
0.500000 0.001999 0.000000 1.000000
0.500000 0.013992 0.000000 1.000000
0.355988 0.034988 0.000000 1.000000
0.500000 0.001999 0.000000 1.000000
0.355988 0.034988 0.000000 1.000000
0.352997 0.024994 0.000000 1.000000
0.352997 0.024994 0.000000 1.000000
0.355988 0.034988 0.000000 1.000000
0.223999 0.098999 0.000000 1.000000
0.352997 0.024994 0.000000 1.000000
0.223999 0.098999 0.000000 1.000000
0.217987 0.088989 0.000000 1.000000
0.217987 0.088989 0.000000 1.000000
0.223999 0.098999 0.000000 1.000000
0.116989 0.197998 0.000000 1.000000
0.217987 0.088989 0.000000 1.000000
0.116989 0.197998 0.000000 1.000000
0.108994 0.190994 0.000000 1.000000
0.108994 0.190994 0.000000 1.000000
0.116989 0.197998 0.000000 1.000000
0.044998 0.323990 0.000000 1.000000
0.108994 0.190994 0.000000 1.000000
0.044998 0.323990 0.000000 1.000000
0.033997 0.319992 0.000000 1.000000
0.033997 0.319992 0.000000 1.000000
0.044998 0.323990 0.000000 1.000000
0.011993 0.465988 0.000000 1.000000
0.033997 0.319992 0.000000 1.000000
0.011993 0.465988 0.000000 1.000000
0.000992 0.464996 0.000000 1.000000
0.000992 0.464996 0.000000 1.000000
0.011993 0.465988 0.000000 1.000000
0.022995 0.612000 0.000000 1.000000
0.000992 0.464996 0.000000 1.000000
0.022995 0.612000 0.000000 1.000000
0.011993 0.613998 0.000000 1.000000
0.011993 0.613998 0.000000 1.000000
0.022995 0.612000 0.000000 1.000000
0.075989 0.746994 0.000000 1.000000
0.011993 0.613998 0.000000 1.000000
0.075989 0.746994 0.000000 1.000000
0.066986 0.752991 0.000000 1.000000
0.066986 0.752991 0.000000 1.000000
0.075989 0.746994 0.000000 1.000000
0.166992 0.860992 0.000000 1.000000
0.066986 0.752991 0.000000 1.000000
0.166992 0.860992 0.000000 1.000000
0.159988 0.869995 0.000000 1.000000
0.159988 0.869995 0.000000 1.000000
0.166992 0.860992 0.000000 1.000000
0.287994 0.943985 0.000000 1.000000
0.159988 0.869995 0.000000 1.000000
0.287994 0.943985 0.000000 1.000000
0.282990 0.953995 0.000000 1.000000
0.282990 0.953995 0.000000 1.000000
0.287994 0.943985 0.000000 1.000000
0.426987 0.987000 0.000000 1.000000
0.282990 0.953995 0.000000 1.000000
0.426987 0.987000 0.000000 1.000000
0.424988 0.997986 0.000000 1.000000
0.424988 0.997986 0.000000 1.000000
0.426987 0.987000 0.000000 1.000000
0.572998 0.987000 0.000000 1.000000
0.424988 0.997986 0.000000 1.000000
0.572998 0.987000 0.000000 1.000000
0.574997 0.997986 0.000000 1.000000
0.574997 0.997986 0.000000 1.000000
0.572998 0.987000 0.000000 1.000000
0.711990 0.943985 0.000000 1.000000
0.574997 0.997986 0.000000 1.000000
0.711990 0.943985 0.000000 1.000000
0.716995 0.953995 0.000000 1.000000
0.716995 0.953995 0.000000 1.000000
0.711990 0.943985 0.000000 1.000000
0.832993 0.860992 0.000000 1.000000
0.716995 0.953995 0.000000 1.000000
0.832993 0.860992 0.000000 1.000000
0.839996 0.869995 0.000000 1.000000
0.839996 0.869995 0.000000 1.000000
0.832993 0.860992 0.000000 1.000000
0.923996 0.746994 0.000000 1.000000
0.839996 0.869995 0.000000 1.000000
0.923996 0.746994 0.000000 1.000000
0.932999 0.752991 0.000000 1.000000
0.932999 0.752991 0.000000 1.000000
0.923996 0.746994 0.000000 1.000000
0.976990 0.612000 0.000000 1.000000
0.932999 0.752991 0.000000 1.000000
0.976990 0.612000 0.000000 1.000000
0.987991 0.613998 0.000000 1.000000
0.987991 0.613998 0.000000 1.000000
0.976990 0.612000 0.000000 1.000000
0.987991 0.465988 0.000000 1.000000
0.987991 0.613998 0.000000 1.000000
0.987991 0.465988 0.000000 1.000000
0.998993 0.464996 0.000000 1.000000
0.998993 0.464996 0.000000 1.000000
0.987991 0.465988 0.000000 1.000000
0.954987 0.323990 0.000000 1.000000
0.998993 0.464996 0.000000 1.000000
0.954987 0.323990 0.000000 1.000000
0.965988 0.319992 0.000000 1.000000
0.965988 0.319992 0.000000 1.000000
0.954987 0.323990 0.000000 1.000000
0.882996 0.197998 0.000000 1.000000
0.965988 0.319992 0.000000 1.000000
0.882996 0.197998 0.000000 1.000000
0.890991 0.190994 0.000000 1.000000
0.890991 0.190994 0.000000 1.000000
0.882996 0.197998 0.000000 1.000000
0.775986 0.098999 0.000000 1.000000
0.890991 0.190994 0.000000 1.000000
0.775986 0.098999 0.000000 1.000000
0.781998 0.088989 0.000000 1.000000
0.781998 0.088989 0.000000 1.000000
0.775986 0.098999 0.000000 1.000000
0.643997 0.034988 0.000000 1.000000
0.781998 0.088989 0.000000 1.000000
0.643997 0.034988 0.000000 1.000000
0.646988 0.024994 0.000000 1.000000
0.646988 0.024994 0.000000 1.000000
0.643997 0.034988 0.000000 1.000000
0.500000 0.013992 0.000000 1.000000
0.646988 0.024994 0.000000 1.000000
0.500000 0.013992 0.000000 1.000000
0.500000 0.001999 0.000000 1.000000
0.500000 0.013992 0.000000 1.000000
0.500000 0.067993 0.000000 1.000000
0.371994 0.086990 0.000000 1.000000
0.500000 0.013992 0.000000 1.000000
0.371994 0.086990 0.000000 1.000000
0.355988 0.034988 0.000000 1.000000
0.355988 0.034988 0.000000 1.000000
0.371994 0.086990 0.000000 1.000000
0.254990 0.143997 0.000000 1.000000
0.355988 0.034988 0.000000 1.000000
0.254990 0.143997 0.000000 1.000000
0.223999 0.098999 0.000000 1.000000
0.223999 0.098999 0.000000 1.000000
0.254990 0.143997 0.000000 1.000000
0.159988 0.231995 0.000000 1.000000
0.223999 0.098999 0.000000 1.000000
0.159988 0.231995 0.000000 1.000000
0.116989 0.197998 0.000000 1.000000
0.116989 0.197998 0.000000 1.000000
0.159988 0.231995 0.000000 1.000000
0.094986 0.343994 0.000000 1.000000
0.116989 0.197998 0.000000 1.000000
0.094986 0.343994 0.000000 1.000000
0.044998 0.323990 0.000000 1.000000
0.044998 0.323990 0.000000 1.000000
0.094986 0.343994 0.000000 1.000000
0.066986 0.469986 0.000000 1.000000
0.044998 0.323990 0.000000 1.000000
0.066986 0.469986 0.000000 1.000000
0.011993 0.465988 0.000000 1.000000
0.011993 0.465988 0.000000 1.000000
0.066986 0.469986 0.000000 1.000000
0.075989 0.599991 0.000000 1.000000
0.011993 0.465988 0.000000 1.000000
0.075989 0.599991 0.000000 1.000000
0.022995 0.612000 0.000000 1.000000
0.022995 0.612000 0.000000 1.000000
0.075989 0.599991 0.000000 1.000000
0.123993 0.719986 0.000000 1.000000
0.022995 0.612000 0.000000 1.000000
0.123993 0.719986 0.000000 1.000000
0.075989 0.746994 0.000000 1.000000
0.075989 0.746994 0.000000 1.000000
0.123993 0.719986 0.000000 1.000000
0.203995 0.820999 0.000000 1.000000
0.075989 0.746994 0.000000 1.000000
0.203995 0.820999 0.000000 1.000000
0.166992 0.860992 0.000000 1.000000
0.166992 0.860992 0.000000 1.000000
0.203995 0.820999 0.000000 1.000000
0.310989 0.893997 0.000000 1.000000
0.166992 0.860992 0.000000 1.000000
0.310989 0.893997 0.000000 1.000000
0.287994 0.943985 0.000000 1.000000
0.287994 0.943985 0.000000 1.000000
0.310989 0.893997 0.000000 1.000000
0.434998 0.932999 0.000000 1.000000
0.287994 0.943985 0.000000 1.000000
0.434998 0.932999 0.000000 1.000000
0.426987 0.987000 0.000000 1.000000
0.426987 0.987000 0.000000 1.000000
0.434998 0.932999 0.000000 1.000000
0.564987 0.932999 0.000000 1.000000
0.426987 0.987000 0.000000 1.000000
0.564987 0.932999 0.000000 1.000000
0.572998 0.987000 0.000000 1.000000
0.572998 0.987000 0.000000 1.000000
0.564987 0.932999 0.000000 1.000000
0.688995 0.893997 0.000000 1.000000
0.572998 0.987000 0.000000 1.000000
0.688995 0.893997 0.000000 1.000000
0.711990 0.943985 0.000000 1.000000
0.711990 0.943985 0.000000 1.000000
0.688995 0.893997 0.000000 1.000000
0.795990 0.820999 0.000000 1.000000
0.711990 0.943985 0.000000 1.000000
0.795990 0.820999 0.000000 1.000000
0.832993 0.860992 0.000000 1.000000
0.832993 0.860992 0.000000 1.000000
0.795990 0.820999 0.000000 1.000000
0.875992 0.719986 0.000000 1.000000
0.832993 0.860992 0.000000 1.000000
0.875992 0.719986 0.000000 1.000000
0.923996 0.746994 0.000000 1.000000
0.923996 0.746994 0.000000 1.000000
0.875992 0.719986 0.000000 1.000000
0.923996 0.599991 0.000000 1.000000
0.923996 0.746994 0.000000 1.000000
0.923996 0.599991 0.000000 1.000000
0.976990 0.612000 0.000000 1.000000
0.976990 0.612000 0.000000 1.000000
0.923996 0.599991 0.000000 1.000000
0.932999 0.469986 0.000000 1.000000
0.976990 0.612000 0.000000 1.000000
0.932999 0.469986 0.000000 1.000000
0.987991 0.465988 0.000000 1.000000
0.987991 0.465988 0.000000 1.000000
0.932999 0.469986 0.000000 1.000000
0.904999 0.343994 0.000000 1.000000
0.987991 0.465988 0.000000 1.000000
0.904999 0.343994 0.000000 1.000000
0.954987 0.323990 0.000000 1.000000
0.954987 0.323990 0.000000 1.000000
0.904999 0.343994 0.000000 1.000000
0.839996 0.231995 0.000000 1.000000
0.954987 0.323990 0.000000 1.000000
0.839996 0.231995 0.000000 1.000000
0.882996 0.197998 0.000000 1.000000
0.882996 0.197998 0.000000 1.000000
0.839996 0.231995 0.000000 1.000000
0.744995 0.143997 0.000000 1.000000
0.882996 0.197998 0.000000 1.000000
0.744995 0.143997 0.000000 1.000000
0.775986 0.098999 0.000000 1.000000
0.775986 0.098999 0.000000 1.000000
0.744995 0.143997 0.000000 1.000000
0.627991 0.086990 0.000000 1.000000
0.775986 0.098999 0.000000 1.000000
0.627991 0.086990 0.000000 1.000000
0.643997 0.034988 0.000000 1.000000
0.643997 0.034988 0.000000 1.000000
0.627991 0.086990 0.000000 1.000000
0.500000 0.067993 0.000000 1.000000
0.643997 0.034988 0.000000 1.000000
0.500000 0.067993 0.000000 1.000000
0.500000 0.013992 0.000000 1.000000
0.500000 0.067993 0.000000 1.000000
0.500000 0.160995 0.000000 1.000000
0.398987 0.176987 0.000000 1.000000
0.500000 0.067993 0.000000 1.000000
0.398987 0.176987 0.000000 1.000000
0.371994 0.086990 0.000000 1.000000
0.371994 0.086990 0.000000 1.000000
0.398987 0.176987 0.000000 1.000000
0.307999 0.220993 0.000000 1.000000
0.371994 0.086990 0.000000 1.000000
0.307999 0.220993 0.000000 1.000000
0.254990 0.143997 0.000000 1.000000
0.254990 0.143997 0.000000 1.000000
0.307999 0.220993 0.000000 1.000000
0.232986 0.289993 0.000000 1.000000
0.254990 0.143997 0.000000 1.000000
0.232986 0.289993 0.000000 1.000000
0.159988 0.231995 0.000000 1.000000
0.159988 0.231995 0.000000 1.000000
0.232986 0.289993 0.000000 1.000000
0.181992 0.377991 0.000000 1.000000
0.159988 0.231995 0.000000 1.000000
0.181992 0.377991 0.000000 1.000000
0.094986 0.343994 0.000000 1.000000
0.094986 0.343994 0.000000 1.000000
0.181992 0.377991 0.000000 1.000000
0.159988 0.476990 0.000000 1.000000
0.094986 0.343994 0.000000 1.000000
0.159988 0.476990 0.000000 1.000000
0.066986 0.469986 0.000000 1.000000
0.066986 0.469986 0.000000 1.000000
0.159988 0.476990 0.000000 1.000000
0.166992 0.578995 0.000000 1.000000
0.066986 0.469986 0.000000 1.000000
0.166992 0.578995 0.000000 1.000000
0.075989 0.599991 0.000000 1.000000
0.075989 0.599991 0.000000 1.000000
0.166992 0.578995 0.000000 1.000000
0.203995 0.672989 0.000000 1.000000
0.075989 0.599991 0.000000 1.000000
0.203995 0.672989 0.000000 1.000000
0.123993 0.719986 0.000000 1.000000
0.123993 0.719986 0.000000 1.000000
0.203995 0.672989 0.000000 1.000000
0.267990 0.752991 0.000000 1.000000
0.123993 0.719986 0.000000 1.000000
0.267990 0.752991 0.000000 1.000000
0.203995 0.820999 0.000000 1.000000
0.203995 0.820999 0.000000 1.000000
0.267990 0.752991 0.000000 1.000000
0.351990 0.809998 0.000000 1.000000
0.203995 0.820999 0.000000 1.000000
0.351990 0.809998 0.000000 1.000000
0.310989 0.893997 0.000000 1.000000
0.310989 0.893997 0.000000 1.000000
0.351990 0.809998 0.000000 1.000000
0.448990 0.839996 0.000000 1.000000
0.310989 0.893997 0.000000 1.000000
0.448990 0.839996 0.000000 1.000000
0.434998 0.932999 0.000000 1.000000
0.434998 0.932999 0.000000 1.000000
0.448990 0.839996 0.000000 1.000000
0.550995 0.839996 0.000000 1.000000
0.434998 0.932999 0.000000 1.000000
0.550995 0.839996 0.000000 1.000000
0.564987 0.932999 0.000000 1.000000
0.564987 0.932999 0.000000 1.000000
0.550995 0.839996 0.000000 1.000000
0.647995 0.809998 0.000000 1.000000
0.564987 0.932999 0.000000 1.000000
0.647995 0.809998 0.000000 1.000000
0.688995 0.893997 0.000000 1.000000
0.688995 0.893997 0.000000 1.000000
0.647995 0.809998 0.000000 1.000000
0.731995 0.752991 0.000000 1.000000
0.688995 0.893997 0.000000 1.000000
0.731995 0.752991 0.000000 1.000000
0.795990 0.820999 0.000000 1.000000
0.795990 0.820999 0.000000 1.000000
0.731995 0.752991 0.000000 1.000000
0.795990 0.672989 0.000000 1.000000
0.795990 0.820999 0.000000 1.000000
0.795990 0.672989 0.000000 1.000000
0.875992 0.719986 0.000000 1.000000
0.875992 0.719986 0.000000 1.000000
0.795990 0.672989 0.000000 1.000000
0.832993 0.578995 0.000000 1.000000
0.875992 0.719986 0.000000 1.000000
0.832993 0.578995 0.000000 1.000000
0.923996 0.599991 0.000000 1.000000
0.923996 0.599991 0.000000 1.000000
0.832993 0.578995 0.000000 1.000000
0.839996 0.476990 0.000000 1.000000
0.923996 0.599991 0.000000 1.000000
0.839996 0.476990 0.000000 1.000000
0.932999 0.469986 0.000000 1.000000
0.932999 0.469986 0.000000 1.000000
0.839996 0.476990 0.000000 1.000000
0.817993 0.377991 0.000000 1.000000
0.932999 0.469986 0.000000 1.000000
0.817993 0.377991 0.000000 1.000000
0.904999 0.343994 0.000000 1.000000
0.904999 0.343994 0.000000 1.000000
0.817993 0.377991 0.000000 1.000000
0.766998 0.289993 0.000000 1.000000
0.904999 0.343994 0.000000 1.000000
0.766998 0.289993 0.000000 1.000000
0.839996 0.231995 0.000000 1.000000
0.839996 0.231995 0.000000 1.000000
0.766998 0.289993 0.000000 1.000000
0.691986 0.220993 0.000000 1.000000
0.839996 0.231995 0.000000 1.000000
0.691986 0.220993 0.000000 1.000000
0.744995 0.143997 0.000000 1.000000
0.744995 0.143997 0.000000 1.000000
0.691986 0.220993 0.000000 1.000000
0.600998 0.176987 0.000000 1.000000
0.744995 0.143997 0.000000 1.000000
0.600998 0.176987 0.000000 1.000000
0.627991 0.086990 0.000000 1.000000
0.627991 0.086990 0.000000 1.000000
0.600998 0.176987 0.000000 1.000000
0.500000 0.160995 0.000000 1.000000
0.627991 0.086990 0.000000 1.000000
0.500000 0.160995 0.000000 1.000000
0.500000 0.067993 0.000000 1.000000
0.500000 0.160995 0.000000 1.000000
0.500000 0.284988 0.000000 1.000000
0.435989 0.294998 0.000000 1.000000
0.500000 0.160995 0.000000 1.000000
0.435989 0.294998 0.000000 1.000000
0.398987 0.176987 0.000000 1.000000
0.398987 0.176987 0.000000 1.000000
0.435989 0.294998 0.000000 1.000000
0.376999 0.322998 0.000000 1.000000
0.398987 0.176987 0.000000 1.000000
0.376999 0.322998 0.000000 1.000000
0.307999 0.220993 0.000000 1.000000
0.307999 0.220993 0.000000 1.000000
0.376999 0.322998 0.000000 1.000000
0.329987 0.366989 0.000000 1.000000
0.307999 0.220993 0.000000 1.000000
0.329987 0.366989 0.000000 1.000000
0.232986 0.289993 0.000000 1.000000
0.232986 0.289993 0.000000 1.000000
0.329987 0.366989 0.000000 1.000000
0.296997 0.422989 0.000000 1.000000
0.232986 0.289993 0.000000 1.000000
0.296997 0.422989 0.000000 1.000000
0.181992 0.377991 0.000000 1.000000
0.181992 0.377991 0.000000 1.000000
0.296997 0.422989 0.000000 1.000000
0.282990 0.487000 0.000000 1.000000
0.181992 0.377991 0.000000 1.000000
0.282990 0.487000 0.000000 1.000000
0.159988 0.476990 0.000000 1.000000
0.159988 0.476990 0.000000 1.000000
0.282990 0.487000 0.000000 1.000000
0.287994 0.550995 0.000000 1.000000
0.159988 0.476990 0.000000 1.000000
0.287994 0.550995 0.000000 1.000000
0.166992 0.578995 0.000000 1.000000
0.166992 0.578995 0.000000 1.000000
0.287994 0.550995 0.000000 1.000000
0.310989 0.612000 0.000000 1.000000
0.166992 0.578995 0.000000 1.000000
0.310989 0.612000 0.000000 1.000000
0.203995 0.672989 0.000000 1.000000
0.203995 0.672989 0.000000 1.000000
0.310989 0.612000 0.000000 1.000000
0.351990 0.661987 0.000000 1.000000
0.203995 0.672989 0.000000 1.000000
0.351990 0.661987 0.000000 1.000000
0.267990 0.752991 0.000000 1.000000
0.267990 0.752991 0.000000 1.000000
0.351990 0.661987 0.000000 1.000000
0.405991 0.698990 0.000000 1.000000
0.267990 0.752991 0.000000 1.000000
0.405991 0.698990 0.000000 1.000000
0.351990 0.809998 0.000000 1.000000
0.351990 0.809998 0.000000 1.000000
0.405991 0.698990 0.000000 1.000000
0.467987 0.717987 0.000000 1.000000
0.351990 0.809998 0.000000 1.000000
0.467987 0.717987 0.000000 1.000000
0.448990 0.839996 0.000000 1.000000
0.448990 0.839996 0.000000 1.000000
0.467987 0.717987 0.000000 1.000000
0.531998 0.717987 0.000000 1.000000
0.448990 0.839996 0.000000 1.000000
0.531998 0.717987 0.000000 1.000000
0.550995 0.839996 0.000000 1.000000
0.550995 0.839996 0.000000 1.000000
0.531998 0.717987 0.000000 1.000000
0.593994 0.698990 0.000000 1.000000
0.550995 0.839996 0.000000 1.000000
0.593994 0.698990 0.000000 1.000000
0.647995 0.809998 0.000000 1.000000
0.647995 0.809998 0.000000 1.000000
0.593994 0.698990 0.000000 1.000000
0.647995 0.661987 0.000000 1.000000
0.647995 0.809998 0.000000 1.000000
0.647995 0.661987 0.000000 1.000000
0.731995 0.752991 0.000000 1.000000
0.731995 0.752991 0.000000 1.000000
0.647995 0.661987 0.000000 1.000000
0.688995 0.612000 0.000000 1.000000
0.731995 0.752991 0.000000 1.000000
0.688995 0.612000 0.000000 1.000000
0.795990 0.672989 0.000000 1.000000
0.795990 0.672989 0.000000 1.000000
0.688995 0.612000 0.000000 1.000000
0.711990 0.550995 0.000000 1.000000
0.795990 0.672989 0.000000 1.000000
0.711990 0.550995 0.000000 1.000000
0.832993 0.578995 0.000000 1.000000
0.832993 0.578995 0.000000 1.000000
0.711990 0.550995 0.000000 1.000000
0.716995 0.487000 0.000000 1.000000
0.832993 0.578995 0.000000 1.000000
0.716995 0.487000 0.000000 1.000000
0.839996 0.476990 0.000000 1.000000
0.839996 0.476990 0.000000 1.000000
0.716995 0.487000 0.000000 1.000000
0.702988 0.422989 0.000000 1.000000
0.839996 0.476990 0.000000 1.000000
0.702988 0.422989 0.000000 1.000000
0.817993 0.377991 0.000000 1.000000
0.817993 0.377991 0.000000 1.000000
0.702988 0.422989 0.000000 1.000000
0.669998 0.366989 0.000000 1.000000
0.817993 0.377991 0.000000 1.000000
0.669998 0.366989 0.000000 1.000000
0.766998 0.289993 0.000000 1.000000
0.766998 0.289993 0.000000 1.000000
0.669998 0.366989 0.000000 1.000000
0.622986 0.322998 0.000000 1.000000
0.766998 0.289993 0.000000 1.000000
0.622986 0.322998 0.000000 1.000000
0.691986 0.220993 0.000000 1.000000
0.691986 0.220993 0.000000 1.000000
0.622986 0.322998 0.000000 1.000000
0.563995 0.294998 0.000000 1.000000
0.691986 0.220993 0.000000 1.000000
0.563995 0.294998 0.000000 1.000000
0.600998 0.176987 0.000000 1.000000
0.600998 0.176987 0.000000 1.000000
0.563995 0.294998 0.000000 1.000000
0.500000 0.284988 0.000000 1.000000
0.600998 0.176987 0.000000 1.000000
0.500000 0.284988 0.000000 1.000000
0.500000 0.160995 0.000000 1.000000
0.500000 0.502991 0.000000 1.000000
0.435989 0.294998 0.000000 1.000000
0.500000 0.284988 0.000000 1.000000
0.500000 0.502991 0.000000 1.000000
0.376999 0.322998 0.000000 1.000000
0.435989 0.294998 0.000000 1.000000
0.500000 0.502991 0.000000 1.000000
0.329987 0.366989 0.000000 1.000000
0.376999 0.322998 0.000000 1.000000
0.500000 0.502991 0.000000 1.000000
0.296997 0.422989 0.000000 1.000000
0.329987 0.366989 0.000000 1.000000
0.500000 0.502991 0.000000 1.000000
0.282990 0.487000 0.000000 1.000000
0.296997 0.422989 0.000000 1.000000
0.500000 0.502991 0.000000 1.000000
0.287994 0.550995 0.000000 1.000000
0.282990 0.487000 0.000000 1.000000
0.500000 0.502991 0.000000 1.000000
0.310989 0.612000 0.000000 1.000000
0.287994 0.550995 0.000000 1.000000
0.500000 0.502991 0.000000 1.000000
0.351990 0.661987 0.000000 1.000000
0.310989 0.612000 0.000000 1.000000
0.500000 0.502991 0.000000 1.000000
0.405991 0.698990 0.000000 1.000000
0.351990 0.661987 0.000000 1.000000
0.500000 0.502991 0.000000 1.000000
0.467987 0.717987 0.000000 1.000000
0.405991 0.698990 0.000000 1.000000
0.500000 0.502991 0.000000 1.000000
0.531998 0.717987 0.000000 1.000000
0.467987 0.717987 0.000000 1.000000
0.500000 0.502991 0.000000 1.000000
0.593994 0.698990 0.000000 1.000000
0.531998 0.717987 0.000000 1.000000
0.500000 0.502991 0.000000 1.000000
0.647995 0.661987 0.000000 1.000000
0.593994 0.698990 0.000000 1.000000
0.500000 0.502991 0.000000 1.000000
0.688995 0.612000 0.000000 1.000000
0.647995 0.661987 0.000000 1.000000
0.500000 0.502991 0.000000 1.000000
0.711990 0.550995 0.000000 1.000000
0.688995 0.612000 0.000000 1.000000
0.500000 0.502991 0.000000 1.000000
0.716995 0.487000 0.000000 1.000000
0.711990 0.550995 0.000000 1.000000
0.500000 0.502991 0.000000 1.000000
0.702988 0.422989 0.000000 1.000000
0.716995 0.487000 0.000000 1.000000
0.500000 0.502991 0.000000 1.000000
0.669998 0.366989 0.000000 1.000000
0.702988 0.422989 0.000000 1.000000
0.500000 0.502991 0.000000 1.000000
0.622986 0.322998 0.000000 1.000000
0.669998 0.366989 0.000000 1.000000
0.500000 0.502991 0.000000 1.000000
0.563995 0.294998 0.000000 1.000000
0.622986 0.322998 0.000000 1.000000
0.500000 0.502991 0.000000 1.000000
0.500000 0.284988 0.000000 1.000000
0.563995 0.294998 0.000000 1.000000
