color_light 0.472855 0.472855 0.472855 -0.130371
texcoord0 0.000000 1.000000 0.000000 1.000000
gl_Position0 -1.790909 3.414581 4.657455 4.852722
---------------------------------------------------
color_light 0.472855 0.472855 0.472855 -0.130371
texcoord0 1.000000 1.000000 0.000000 1.000000
gl_Position0 1.791168 3.414581 4.951202 5.146179
---------------------------------------------------
color_light 0.472855 0.472855 0.472855 -0.130371
texcoord0 1.000000 0.000000 0.000000 1.000000
gl_Position0 2.166733 -0.001373 3.551529 3.747894
---------------------------------------------------
color_light 0.472855 0.472855 0.472855 -0.130371
texcoord0 0.000000 1.000000 0.000000 1.000000
gl_Position0 -1.790909 3.414581 4.657455 4.852722
---------------------------------------------------
color_light 0.472855 0.472855 0.472855 -0.130371
texcoord0 1.000000 0.000000 0.000000 1.000000
gl_Position0 2.166733 -0.001373 3.551529 3.747894
---------------------------------------------------
color_light 0.472855 0.472855 0.472855 -0.130371
texcoord0 0.000000 0.000000 0.000000 1.000000
gl_Position0 -1.415344 -0.001373 3.257782 3.454437
---------------------------------------------------
color_light 0.333328 0.333328 0.333328 -0.329712
texcoord0 1.000000 1.000000 0.000000 1.000000
gl_Position0 -2.166779 0.001358 6.058243 6.252121
---------------------------------------------------
color_light 0.333328 0.333328 0.333328 -0.329712
texcoord0 0.000000 0.000000 0.000000 1.000000
gl_Position0 1.790863 -3.414597 4.952316 5.147293
---------------------------------------------------
color_light 0.333328 0.333328 0.333328 -0.329712
texcoord0 0.000000 0.999985 0.000000 1.000000
gl_Position0 1.415298 0.001358 6.351990 6.545578
---------------------------------------------------
color_light 0.333328 0.333328 0.333328 -0.329712
texcoord0 1.000000 1.000000 0.000000 1.000000
gl_Position0 -2.166779 0.001358 6.058243 6.252121
---------------------------------------------------
color_light 0.333328 0.333328 0.333328 -0.329712
texcoord0 1.000000 0.000000 0.000000 1.000000
gl_Position0 -1.791214 -3.414597 4.658569 4.853836
---------------------------------------------------
color_light 0.333328 0.333328 0.333328 -0.329712
texcoord0 0.000000 0.000000 0.000000 1.000000
gl_Position0 1.790863 -3.414597 4.952316 5.147293
---------------------------------------------------
color_light 0.333435 0.333435 0.333435 -0.329559
texcoord0 1.000000 0.000000 0.000000 1.000000
gl_Position0 1.790863 -3.414597 4.952316 5.147293
---------------------------------------------------
color_light 0.333435 0.333435 0.333435 -0.329559
texcoord0 0.000000 1.000000 0.000000 1.000000
gl_Position0 -1.415344 -0.001373 3.257782 3.454437
---------------------------------------------------
color_light 0.333435 0.333435 0.333435 -0.329559
texcoord0 1.000000 1.000000 0.000000 1.000000
gl_Position0 2.166733 -0.001373 3.551529 3.747894
---------------------------------------------------
color_light 0.333435 0.333435 0.333435 -0.329559
texcoord0 0.000000 1.000000 0.000000 1.000000
gl_Position0 -1.415344 -0.001373 3.257782 3.454437
---------------------------------------------------
color_light 0.333435 0.333435 0.333435 -0.329559
texcoord0 1.000000 0.000000 0.000000 1.000000
gl_Position0 1.790863 -3.414597 4.952316 5.147293
---------------------------------------------------
color_light 0.333435 0.333435 0.333435 -0.329559
texcoord0 0.000000 0.000000 0.000000 1.000000
gl_Position0 -1.791214 -3.414597 4.658569 4.853836
---------------------------------------------------
color_light 0.333328 0.333328 0.333328 -0.329712
texcoord0 1.000000 0.000000 0.000000 1.000000
gl_Position0 1.415298 0.001358 6.351990 6.545578
---------------------------------------------------
color_light 0.333328 0.333328 0.333328 -0.329712
texcoord0 1.000000 1.000000 0.000000 1.000000
gl_Position0 1.791168 3.414581 4.951202 5.146179
---------------------------------------------------
color_light 0.333328 0.333328 0.333328 -0.329712
texcoord0 0.000000 1.000000 0.000000 1.000000
gl_Position0 -1.790909 3.414581 4.657455 4.852722
---------------------------------------------------
color_light 0.333328 0.333328 0.333328 -0.329712
texcoord0 0.000000 1.000000 0.000000 1.000000
gl_Position0 -1.790909 3.414581 4.657455 4.852722
---------------------------------------------------
color_light 0.333328 0.333328 0.333328 -0.329712
texcoord0 0.000000 0.000000 0.000000 1.000000
gl_Position0 -2.166779 0.001358 6.058243 6.252121
---------------------------------------------------
color_light 0.333328 0.333328 0.333328 -0.329712
texcoord0 1.000000 0.000000 0.000000 1.000000
gl_Position0 1.415298 0.001358 6.351990 6.545578
---------------------------------------------------
color_light 0.335007 0.335007 0.335007 -0.327301
texcoord0 0.000000 1.000000 0.000000 1.000000
gl_Position0 2.166733 -0.001373 3.551529 3.747894
---------------------------------------------------
color_light 0.335007 0.335007 0.335007 -0.327301
texcoord0 1.000000 0.000000 0.000000 1.000000
gl_Position0 1.415298 0.001358 6.351990 6.545578
---------------------------------------------------
color_light 0.335007 0.335007 0.335007 -0.327301
texcoord0 0.000000 0.000000 0.000000 1.000000
gl_Position0 1.790863 -3.414597 4.952316 5.147293
---------------------------------------------------
color_light 0.335007 0.335007 0.335007 -0.327301
texcoord0 1.000000 0.000000 0.000000 1.000000
gl_Position0 1.415298 0.001358 6.351990 6.545578
---------------------------------------------------
color_light 0.335007 0.335007 0.335007 -0.327301
texcoord0 0.000000 1.000000 0.000000 1.000000
gl_Position0 2.166733 -0.001373 3.551529 3.747894
---------------------------------------------------
color_light 0.335007 0.335007 0.335007 -0.327301
texcoord0 1.000000 1.000000 0.000000 1.000000
gl_Position0 1.791168 3.414581 4.951202 5.146179
---------------------------------------------------
color_light 0.333328 0.333328 0.333328 -0.329712
texcoord0 0.000000 1.000000 0.000000 1.000000
gl_Position0 -1.415344 -0.001373 3.257782 3.454437
---------------------------------------------------
color_light 0.333328 0.333328 0.333328 -0.329712
texcoord0 0.000000 0.000000 0.000000 1.000000
gl_Position0 -1.791214 -3.414597 4.658569 4.853836
---------------------------------------------------
color_light 0.333328 0.333328 0.333328 -0.329712
texcoord0 1.000000 0.000000 0.000000 1.000000
gl_Position0 -2.166779 0.001358 6.058243 6.252121
---------------------------------------------------
color_light 0.333328 0.333328 0.333328 -0.329712
texcoord0 1.000000 1.000000 0.000000 1.000000
gl_Position0 -1.790909 3.414581 4.657455 4.852722
---------------------------------------------------
color_light 0.333328 0.333328 0.333328 -0.329712
texcoord0 0.000000 1.000000 0.000000 1.000000
gl_Position0 -1.415344 -0.001373 3.257782 3.454437
---------------------------------------------------
color_light 0.333328 0.333328 0.333328 -0.329712
texcoord0 1.000000 0.000000 0.000000 1.000000
gl_Position0 -2.166779 0.001358 6.058243 6.252121
---------------------------------------------------
