color_light 0.452133 0.452133 0.452133 -0.163193
texcoord0 0.000000 1.000000 0.000000 1.000000
gl_Position0 -1.808487 3.414581 4.755264 4.950439
---------------------------------------------------
color_light 0.452133 0.452133 0.452133 -0.163193
texcoord0 1.000000 1.000000 0.000000 1.000000
gl_Position0 1.808517 3.414581 4.853394 5.048462
---------------------------------------------------
color_light 0.452133 0.452133 0.452133 -0.163193
texcoord0 1.000000 0.000000 0.000000 1.000000
gl_Position0 1.933990 -0.001373 3.440079 3.636551
---------------------------------------------------
color_light 0.452133 0.452133 0.452133 -0.163193
texcoord0 0.000000 1.000000 0.000000 1.000000
gl_Position0 -1.808487 3.414581 4.755264 4.950439
---------------------------------------------------
color_light 0.452133 0.452133 0.452133 -0.163193
texcoord0 1.000000 0.000000 0.000000 1.000000
gl_Position0 1.933990 -0.001373 3.440079 3.636551
---------------------------------------------------
color_light 0.452133 0.452133 0.452133 -0.163193
texcoord0 0.000000 0.000000 0.000000 1.000000
gl_Position0 -1.683014 -0.001373 3.341965 3.538528
---------------------------------------------------
color_light 0.333328 0.333328 0.333328 -0.332916
texcoord0 1.000000 1.000000 0.000000 1.000000
gl_Position0 -1.934036 0.001358 6.169693 6.363464
---------------------------------------------------
color_light 0.333328 0.333328 0.333328 -0.332916
texcoord0 0.000000 0.000000 0.000000 1.000000
gl_Position0 1.808441 -3.414597 4.854507 5.049576
---------------------------------------------------
color_light 0.333328 0.333328 0.333328 -0.332916
texcoord0 0.000000 0.999985 0.000000 1.000000
gl_Position0 1.682983 0.001358 6.267807 6.461487
---------------------------------------------------
color_light 0.333328 0.333328 0.333328 -0.332916
texcoord0 1.000000 1.000000 0.000000 1.000000
gl_Position0 -1.934036 0.001358 6.169693 6.363464
---------------------------------------------------
color_light 0.333328 0.333328 0.333328 -0.332916
texcoord0 1.000000 0.000000 0.000000 1.000000
gl_Position0 -1.808563 -3.414597 4.756378 4.951553
---------------------------------------------------
color_light 0.333328 0.333328 0.333328 -0.332916
texcoord0 0.000000 0.000000 0.000000 1.000000
gl_Position0 1.808441 -3.414597 4.854507 5.049576
---------------------------------------------------
color_light 0.333374 0.333374 0.333374 -0.332840
texcoord0 1.000000 0.000000 0.000000 1.000000
gl_Position0 1.808441 -3.414597 4.854507 5.049576
---------------------------------------------------
color_light 0.333374 0.333374 0.333374 -0.332840
texcoord0 0.000000 1.000000 0.000000 1.000000
gl_Position0 -1.683014 -0.001373 3.341965 3.538528
---------------------------------------------------
color_light 0.333374 0.333374 0.333374 -0.332840
texcoord0 1.000000 1.000000 0.000000 1.000000
gl_Position0 1.933990 -0.001373 3.440079 3.636551
---------------------------------------------------
color_light 0.333374 0.333374 0.333374 -0.332840
texcoord0 0.000000 1.000000 0.000000 1.000000
gl_Position0 -1.683014 -0.001373 3.341965 3.538528
---------------------------------------------------
color_light 0.333374 0.333374 0.333374 -0.332840
texcoord0 1.000000 0.000000 0.000000 1.000000
gl_Position0 1.808441 -3.414597 4.854507 5.049576
---------------------------------------------------
color_light 0.333374 0.333374 0.333374 -0.332840
texcoord0 0.000000 0.000000 0.000000 1.000000
gl_Position0 -1.808563 -3.414597 4.756378 4.951553
---------------------------------------------------
color_light 0.333328 0.333328 0.333328 -0.332916
texcoord0 1.000000 0.000000 0.000000 1.000000
gl_Position0 1.682983 0.001358 6.267807 6.461487
---------------------------------------------------
color_light 0.333328 0.333328 0.333328 -0.332916
texcoord0 1.000000 1.000000 0.000000 1.000000
gl_Position0 1.808517 3.414581 4.853394 5.048462
---------------------------------------------------
color_light 0.333328 0.333328 0.333328 -0.332916
texcoord0 0.000000 1.000000 0.000000 1.000000
gl_Position0 -1.808487 3.414581 4.755264 4.950439
---------------------------------------------------
color_light 0.333328 0.333328 0.333328 -0.332916
texcoord0 0.000000 1.000000 0.000000 1.000000
gl_Position0 -1.808487 3.414581 4.755264 4.950439
---------------------------------------------------
color_light 0.333328 0.333328 0.333328 -0.332916
texcoord0 0.000000 0.000000 0.000000 1.000000
gl_Position0 -1.934036 0.001358 6.169693 6.363464
---------------------------------------------------
color_light 0.333328 0.333328 0.333328 -0.332916
texcoord0 1.000000 0.000000 0.000000 1.000000
gl_Position0 1.682983 0.001358 6.267807 6.461487
---------------------------------------------------
color_light 0.337570 0.337570 0.337570 -0.326859
texcoord0 0.000000 1.000000 0.000000 1.000000
gl_Position0 1.933990 -0.001373 3.440079 3.636551
---------------------------------------------------
color_light 0.337570 0.337570 0.337570 -0.326859
texcoord0 1.000000 0.000000 0.000000 1.000000
gl_Position0 1.682983 0.001358 6.267807 6.461487
---------------------------------------------------
color_light 0.337570 0.337570 0.337570 -0.326859
texcoord0 0.000000 0.000000 0.000000 1.000000
gl_Position0 1.808441 -3.414597 4.854507 5.049576
---------------------------------------------------
color_light 0.337570 0.337570 0.337570 -0.326859
texcoord0 1.000000 0.000000 0.000000 1.000000
gl_Position0 1.682983 0.001358 6.267807 6.461487
---------------------------------------------------
color_light 0.337570 0.337570 0.337570 -0.326859
texcoord0 0.000000 1.000000 0.000000 1.000000
gl_Position0 1.933990 -0.001373 3.440079 3.636551
---------------------------------------------------
color_light 0.337570 0.337570 0.337570 -0.326859
texcoord0 1.000000 1.000000 0.000000 1.000000
gl_Position0 1.808517 3.414581 4.853394 5.048462
---------------------------------------------------
color_light 0.333328 0.333328 0.333328 -0.332916
texcoord0 0.000000 1.000000 0.000000 1.000000
gl_Position0 -1.683014 -0.001373 3.341965 3.538528
---------------------------------------------------
color_light 0.333328 0.333328 0.333328 -0.332916
texcoord0 0.000000 0.000000 0.000000 1.000000
gl_Position0 -1.808563 -3.414597 4.756378 4.951553
---------------------------------------------------
color_light 0.333328 0.333328 0.333328 -0.332916
texcoord0 1.000000 0.000000 0.000000 1.000000
gl_Position0 -1.934036 0.001358 6.169693 6.363464
---------------------------------------------------
color_light 0.333328 0.333328 0.333328 -0.332916
texcoord0 1.000000 1.000000 0.000000 1.000000
gl_Position0 -1.808487 3.414581 4.755264 4.950439
---------------------------------------------------
color_light 0.333328 0.333328 0.333328 -0.332916
texcoord0 0.000000 1.000000 0.000000 1.000000
gl_Position0 -1.683014 -0.001373 3.341965 3.538528
---------------------------------------------------
color_light 0.333328 0.333328 0.333328 -0.332916
texcoord0 1.000000 0.000000 0.000000 1.000000
gl_Position0 -1.934036 0.001358 6.169693 6.363464
---------------------------------------------------
