color_light 0.446823 0.446823 0.446823 -0.171097
texcoord0 0.000000 1.000000 0.000000 1.000000
gl_Position0 -1.810165 3.414581 4.779770 4.974915
---------------------------------------------------
color_light 0.446823 0.446823 0.446823 -0.171097
texcoord0 1.000000 1.000000 0.000000 1.000000
gl_Position0 1.810150 3.414581 4.828888 5.023987
---------------------------------------------------
color_light 0.446823 0.446823 0.446823 -0.171097
texcoord0 1.000000 0.000000 0.000000 1.000000
gl_Position0 1.872986 -0.001373 3.414276 3.610779
---------------------------------------------------
color_light 0.446823 0.446823 0.446823 -0.171097
texcoord0 0.000000 1.000000 0.000000 1.000000
gl_Position0 -1.810165 3.414581 4.779770 4.974915
---------------------------------------------------
color_light 0.446823 0.446823 0.446823 -0.171097
texcoord0 1.000000 0.000000 0.000000 1.000000
gl_Position0 1.872986 -0.001373 3.414276 3.610779
---------------------------------------------------
color_light 0.446823 0.446823 0.446823 -0.171097
texcoord0 0.000000 0.000000 0.000000 1.000000
gl_Position0 -1.747345 -0.001373 3.365158 3.561707
---------------------------------------------------
color_light 0.333328 0.333328 0.333328 -0.333221
texcoord0 1.000000 1.000000 0.000000 1.000000
gl_Position0 -1.873032 0.001358 6.195496 6.389236
---------------------------------------------------
color_light 0.333328 0.333328 0.333328 -0.333221
texcoord0 0.000000 0.000000 0.000000 1.000000
gl_Position0 1.810120 -3.414597 4.830002 5.025101
---------------------------------------------------
color_light 0.333328 0.333328 0.333328 -0.333221
texcoord0 0.000000 0.999985 0.000000 1.000000
gl_Position0 1.747299 0.001358 6.244614 6.438309
---------------------------------------------------
color_light 0.333328 0.333328 0.333328 -0.333221
texcoord0 1.000000 1.000000 0.000000 1.000000
gl_Position0 -1.873032 0.001358 6.195496 6.389236
---------------------------------------------------
color_light 0.333328 0.333328 0.333328 -0.333221
texcoord0 1.000000 0.000000 0.000000 1.000000
gl_Position0 -1.810196 -3.414597 4.780884 4.976028
---------------------------------------------------
color_light 0.333328 0.333328 0.333328 -0.333221
texcoord0 0.000000 0.000000 0.000000 1.000000
gl_Position0 1.810120 -3.414597 4.830002 5.025101
---------------------------------------------------
color_light 0.333374 0.333374 0.333374 -0.333160
texcoord0 1.000000 0.000000 0.000000 1.000000
gl_Position0 1.810120 -3.414597 4.830002 5.025101
---------------------------------------------------
color_light 0.333374 0.333374 0.333374 -0.333160
texcoord0 0.000000 1.000000 0.000000 1.000000
gl_Position0 -1.747345 -0.001373 3.365158 3.561707
---------------------------------------------------
color_light 0.333374 0.333374 0.333374 -0.333160
texcoord0 1.000000 1.000000 0.000000 1.000000
gl_Position0 1.872986 -0.001373 3.414276 3.610779
---------------------------------------------------
color_light 0.333374 0.333374 0.333374 -0.333160
texcoord0 0.000000 1.000000 0.000000 1.000000
gl_Position0 -1.747345 -0.001373 3.365158 3.561707
---------------------------------------------------
color_light 0.333374 0.333374 0.333374 -0.333160
texcoord0 1.000000 0.000000 0.000000 1.000000
gl_Position0 1.810120 -3.414597 4.830002 5.025101
---------------------------------------------------
color_light 0.333374 0.333374 0.333374 -0.333160
texcoord0 0.000000 0.000000 0.000000 1.000000
gl_Position0 -1.810196 -3.414597 4.780884 4.976028
---------------------------------------------------
color_light 0.333328 0.333328 0.333328 -0.333221
texcoord0 1.000000 0.000000 0.000000 1.000000
gl_Position0 1.747299 0.001358 6.244614 6.438309
---------------------------------------------------
color_light 0.333328 0.333328 0.333328 -0.333221
texcoord0 1.000000 1.000000 0.000000 1.000000
gl_Position0 1.810150 3.414581 4.828888 5.023987
---------------------------------------------------
color_light 0.333328 0.333328 0.333328 -0.333221
texcoord0 0.000000 1.000000 0.000000 1.000000
gl_Position0 -1.810165 3.414581 4.779770 4.974915
---------------------------------------------------
color_light 0.333328 0.333328 0.333328 -0.333221
texcoord0 0.000000 1.000000 0.000000 1.000000
gl_Position0 -1.810165 3.414581 4.779770 4.974915
---------------------------------------------------
color_light 0.333328 0.333328 0.333328 -0.333221
texcoord0 0.000000 0.000000 0.000000 1.000000
gl_Position0 -1.873032 0.001358 6.195496 6.389236
---------------------------------------------------
color_light 0.333328 0.333328 0.333328 -0.333221
texcoord0 1.000000 0.000000 0.000000 1.000000
gl_Position0 1.747299 0.001358 6.244614 6.438309
---------------------------------------------------
color_light 0.338516 0.338516 0.338516 -0.325821
texcoord0 0.000000 1.000000 0.000000 1.000000
gl_Position0 1.872986 -0.001373 3.414276 3.610779
---------------------------------------------------
color_light 0.338516 0.338516 0.338516 -0.325821
texcoord0 1.000000 0.000000 0.000000 1.000000
gl_Position0 1.747299 0.001358 6.244614 6.438309
---------------------------------------------------
color_light 0.338516 0.338516 0.338516 -0.325821
texcoord0 0.000000 0.000000 0.000000 1.000000
gl_Position0 1.810120 -3.414597 4.830002 5.025101
---------------------------------------------------
color_light 0.338516 0.338516 0.338516 -0.325821
texcoord0 1.000000 0.000000 0.000000 1.000000
gl_Position0 1.747299 0.001358 6.244614 6.438309
---------------------------------------------------
color_light 0.338516 0.338516 0.338516 -0.325821
texcoord0 0.000000 1.000000 0.000000 1.000000
gl_Position0 1.872986 -0.001373 3.414276 3.610779
---------------------------------------------------
color_light 0.338516 0.338516 0.338516 -0.325821
texcoord0 1.000000 1.000000 0.000000 1.000000
gl_Position0 1.810150 3.414581 4.828888 5.023987
---------------------------------------------------
color_light 0.333328 0.333328 0.333328 -0.333221
texcoord0 0.000000 1.000000 0.000000 1.000000
gl_Position0 -1.747345 -0.001373 3.365158 3.561707
---------------------------------------------------
color_light 0.333328 0.333328 0.333328 -0.333221
texcoord0 0.000000 0.000000 0.000000 1.000000
gl_Position0 -1.810196 -3.414597 4.780884 4.976028
---------------------------------------------------
color_light 0.333328 0.333328 0.333328 -0.333221
texcoord0 1.000000 0.000000 0.000000 1.000000
gl_Position0 -1.873032 0.001358 6.195496 6.389236
---------------------------------------------------
color_light 0.333328 0.333328 0.333328 -0.333221
texcoord0 1.000000 1.000000 0.000000 1.000000
gl_Position0 -1.810165 3.414581 4.779770 4.974915
---------------------------------------------------
color_light 0.333328 0.333328 0.333328 -0.333221
texcoord0 0.000000 1.000000 0.000000 1.000000
gl_Position0 -1.747345 -0.001373 3.365158 3.561707
---------------------------------------------------
color_light 0.333328 0.333328 0.333328 -0.333221
texcoord0 1.000000 0.000000 0.000000 1.000000
gl_Position0 -1.873032 0.001358 6.195496 6.389236
---------------------------------------------------
