color_light 0.467789 0.467789 0.467789 -0.138718
texcoord0 0.000000 1.000000 0.000000 1.000000
gl_Position0 -1.796906 3.414581 4.681839 4.877075
---------------------------------------------------
color_light 0.467789 0.467789 0.467789 -0.138718
texcoord0 1.000000 1.000000 0.000000 1.000000
gl_Position0 1.797119 3.414581 4.926819 5.121826
---------------------------------------------------
color_light 0.467789 0.467789 0.467789 -0.138718
texcoord0 1.000000 0.000000 0.000000 1.000000
gl_Position0 2.110352 -0.001373 3.522491 3.718887
---------------------------------------------------
color_light 0.467789 0.467789 0.467789 -0.138718
texcoord0 0.000000 1.000000 0.000000 1.000000
gl_Position0 -1.796906 3.414581 4.681839 4.877075
---------------------------------------------------
color_light 0.467789 0.467789 0.467789 -0.138718
texcoord0 1.000000 0.000000 0.000000 1.000000
gl_Position0 2.110352 -0.001373 3.522491 3.718887
---------------------------------------------------
color_light 0.467789 0.467789 0.467789 -0.138718
texcoord0 0.000000 0.000000 0.000000 1.000000
gl_Position0 -1.483673 -0.001373 3.277496 3.474136
---------------------------------------------------
color_light 0.333328 0.333328 0.333328 -0.330811
texcoord0 1.000000 1.000000 0.000000 1.000000
gl_Position0 -2.110397 0.001358 6.087280 6.281128
---------------------------------------------------
color_light 0.333328 0.333328 0.333328 -0.330811
texcoord0 0.000000 0.000000 0.000000 1.000000
gl_Position0 1.796860 -3.414597 4.927933 5.122940
---------------------------------------------------
color_light 0.333328 0.333328 0.333328 -0.330811
texcoord0 0.000000 0.999985 0.000000 1.000000
gl_Position0 1.483627 0.001358 6.332275 6.525879
---------------------------------------------------
color_light 0.333328 0.333328 0.333328 -0.330811
texcoord0 1.000000 1.000000 0.000000 1.000000
gl_Position0 -2.110397 0.001358 6.087280 6.281128
---------------------------------------------------
color_light 0.333328 0.333328 0.333328 -0.330811
texcoord0 1.000000 0.000000 0.000000 1.000000
gl_Position0 -1.797150 -3.414597 4.682953 4.878189
---------------------------------------------------
color_light 0.333328 0.333328 0.333328 -0.330811
texcoord0 0.000000 0.000000 0.000000 1.000000
gl_Position0 1.796860 -3.414597 4.927933 5.122940
---------------------------------------------------
color_light 0.333420 0.333420 0.333420 -0.330673
texcoord0 1.000000 0.000000 0.000000 1.000000
gl_Position0 1.796860 -3.414597 4.927933 5.122940
---------------------------------------------------
color_light 0.333420 0.333420 0.333420 -0.330673
texcoord0 0.000000 1.000000 0.000000 1.000000
gl_Position0 -1.483673 -0.001373 3.277496 3.474136
---------------------------------------------------
color_light 0.333420 0.333420 0.333420 -0.330673
texcoord0 1.000000 1.000000 0.000000 1.000000
gl_Position0 2.110352 -0.001373 3.522491 3.718887
---------------------------------------------------
color_light 0.333420 0.333420 0.333420 -0.330673
texcoord0 0.000000 1.000000 0.000000 1.000000
gl_Position0 -1.483673 -0.001373 3.277496 3.474136
---------------------------------------------------
color_light 0.333420 0.333420 0.333420 -0.330673
texcoord0 1.000000 0.000000 0.000000 1.000000
gl_Position0 1.796860 -3.414597 4.927933 5.122940
---------------------------------------------------
color_light 0.333420 0.333420 0.333420 -0.330673
texcoord0 0.000000 0.000000 0.000000 1.000000
gl_Position0 -1.797150 -3.414597 4.682953 4.878189
---------------------------------------------------
color_light 0.333328 0.333328 0.333328 -0.330811
texcoord0 1.000000 0.000000 0.000000 1.000000
gl_Position0 1.483627 0.001358 6.332275 6.525879
---------------------------------------------------
color_light 0.333328 0.333328 0.333328 -0.330811
texcoord0 1.000000 1.000000 0.000000 1.000000
gl_Position0 1.797119 3.414581 4.926819 5.121826
---------------------------------------------------
color_light 0.333328 0.333328 0.333328 -0.330811
texcoord0 0.000000 1.000000 0.000000 1.000000
gl_Position0 -1.796906 3.414581 4.681839 4.877075
---------------------------------------------------
color_light 0.333328 0.333328 0.333328 -0.330811
texcoord0 0.000000 1.000000 0.000000 1.000000
gl_Position0 -1.796906 3.414581 4.681839 4.877075
---------------------------------------------------
color_light 0.333328 0.333328 0.333328 -0.330811
texcoord0 0.000000 0.000000 0.000000 1.000000
gl_Position0 -2.110397 0.001358 6.087280 6.281128
---------------------------------------------------
color_light 0.333328 0.333328 0.333328 -0.330811
texcoord0 1.000000 0.000000 0.000000 1.000000
gl_Position0 1.483627 0.001358 6.332275 6.525879
---------------------------------------------------
color_light 0.335495 0.335495 0.335495 -0.327713
texcoord0 0.000000 1.000000 0.000000 1.000000
gl_Position0 2.110352 -0.001373 3.522491 3.718887
---------------------------------------------------
color_light 0.335495 0.335495 0.335495 -0.327713
texcoord0 1.000000 0.000000 0.000000 1.000000
gl_Position0 1.483627 0.001358 6.332275 6.525879
---------------------------------------------------
color_light 0.335495 0.335495 0.335495 -0.327713
texcoord0 0.000000 0.000000 0.000000 1.000000
gl_Position0 1.796860 -3.414597 4.927933 5.122940
---------------------------------------------------
color_light 0.335495 0.335495 0.335495 -0.327713
texcoord0 1.000000 0.000000 0.000000 1.000000
gl_Position0 1.483627 0.001358 6.332275 6.525879
---------------------------------------------------
color_light 0.335495 0.335495 0.335495 -0.327713
texcoord0 0.000000 1.000000 0.000000 1.000000
gl_Position0 2.110352 -0.001373 3.522491 3.718887
---------------------------------------------------
color_light 0.335495 0.335495 0.335495 -0.327713
texcoord0 1.000000 1.000000 0.000000 1.000000
gl_Position0 1.797119 3.414581 4.926819 5.121826
---------------------------------------------------
color_light 0.333328 0.333328 0.333328 -0.330811
texcoord0 0.000000 1.000000 0.000000 1.000000
gl_Position0 -1.483673 -0.001373 3.277496 3.474136
---------------------------------------------------
color_light 0.333328 0.333328 0.333328 -0.330811
texcoord0 0.000000 0.000000 0.000000 1.000000
gl_Position0 -1.797150 -3.414597 4.682953 4.878189
---------------------------------------------------
color_light 0.333328 0.333328 0.333328 -0.330811
texcoord0 1.000000 0.000000 0.000000 1.000000
gl_Position0 -2.110397 0.001358 6.087280 6.281128
---------------------------------------------------
color_light 0.333328 0.333328 0.333328 -0.330811
texcoord0 1.000000 1.000000 0.000000 1.000000
gl_Position0 -1.796906 3.414581 4.681839 4.877075
---------------------------------------------------
color_light 0.333328 0.333328 0.333328 -0.330811
texcoord0 0.000000 1.000000 0.000000 1.000000
gl_Position0 -1.483673 -0.001373 3.277496 3.474136
---------------------------------------------------
color_light 0.333328 0.333328 0.333328 -0.330811
texcoord0 1.000000 0.000000 0.000000 1.000000
gl_Position0 -2.110397 0.001358 6.087280 6.281128
---------------------------------------------------
