color_light 0.462631 0.462631 0.462631 -0.147003
texcoord0 0.000000 1.000000 0.000000 1.000000
gl_Position0 -1.801910 3.414581 4.706268 4.901489
---------------------------------------------------
color_light 0.462631 0.462631 0.462631 -0.147003
texcoord0 1.000000 1.000000 0.000000 1.000000
gl_Position0 1.802063 3.414581 4.902390 5.097412
---------------------------------------------------
color_light 0.462631 0.462631 0.462631 -0.147003
texcoord0 1.000000 0.000000 0.000000 1.000000
gl_Position0 2.052826 -0.001373 3.494156 3.690582
---------------------------------------------------
color_light 0.462631 0.462631 0.462631 -0.147003
texcoord0 0.000000 1.000000 0.000000 1.000000
gl_Position0 -1.801910 3.414581 4.706268 4.901489
---------------------------------------------------
color_light 0.462631 0.462631 0.462631 -0.147003
texcoord0 1.000000 0.000000 0.000000 1.000000
gl_Position0 2.052826 -0.001373 3.494156 3.690582
---------------------------------------------------
color_light 0.462631 0.462631 0.462631 -0.147003
texcoord0 0.000000 0.000000 0.000000 1.000000
gl_Position0 -1.551147 -0.001373 3.298050 3.494659
---------------------------------------------------
color_light 0.333328 0.333328 0.333328 -0.331726
texcoord0 1.000000 1.000000 0.000000 1.000000
gl_Position0 -2.052872 0.001358 6.115616 6.309433
---------------------------------------------------
color_light 0.333328 0.333328 0.333328 -0.331726
texcoord0 0.000000 0.000000 0.000000 1.000000
gl_Position0 1.801865 -3.414597 4.903503 5.098526
---------------------------------------------------
color_light 0.333328 0.333328 0.333328 -0.331726
texcoord0 0.000000 0.999985 0.000000 1.000000
gl_Position0 1.551102 0.001358 6.311722 6.505356
---------------------------------------------------
color_light 0.333328 0.333328 0.333328 -0.331726
texcoord0 1.000000 1.000000 0.000000 1.000000
gl_Position0 -2.052872 0.001358 6.115616 6.309433
---------------------------------------------------
color_light 0.333328 0.333328 0.333328 -0.331726
texcoord0 1.000000 0.000000 0.000000 1.000000
gl_Position0 -1.802109 -3.414597 4.707382 4.902603
---------------------------------------------------
color_light 0.333328 0.333328 0.333328 -0.331726
texcoord0 0.000000 0.000000 0.000000 1.000000
gl_Position0 1.801865 -3.414597 4.903503 5.098526
---------------------------------------------------
color_light 0.333405 0.333405 0.333405 -0.331604
texcoord0 1.000000 0.000000 0.000000 1.000000
gl_Position0 1.801865 -3.414597 4.903503 5.098526
---------------------------------------------------
color_light 0.333405 0.333405 0.333405 -0.331604
texcoord0 0.000000 1.000000 0.000000 1.000000
gl_Position0 -1.551147 -0.001373 3.298050 3.494659
---------------------------------------------------
color_light 0.333405 0.333405 0.333405 -0.331604
texcoord0 1.000000 1.000000 0.000000 1.000000
gl_Position0 2.052826 -0.001373 3.494156 3.690582
---------------------------------------------------
color_light 0.333405 0.333405 0.333405 -0.331604
texcoord0 0.000000 1.000000 0.000000 1.000000
gl_Position0 -1.551147 -0.001373 3.298050 3.494659
---------------------------------------------------
color_light 0.333405 0.333405 0.333405 -0.331604
texcoord0 1.000000 0.000000 0.000000 1.000000
gl_Position0 1.801865 -3.414597 4.903503 5.098526
---------------------------------------------------
color_light 0.333405 0.333405 0.333405 -0.331604
texcoord0 0.000000 0.000000 0.000000 1.000000
gl_Position0 -1.802109 -3.414597 4.707382 4.902603
---------------------------------------------------
color_light 0.333328 0.333328 0.333328 -0.331726
texcoord0 1.000000 0.000000 0.000000 1.000000
gl_Position0 1.551102 0.001358 6.311722 6.505356
---------------------------------------------------
color_light 0.333328 0.333328 0.333328 -0.331726
texcoord0 1.000000 1.000000 0.000000 1.000000
gl_Position0 1.802063 3.414581 4.902390 5.097412
---------------------------------------------------
color_light 0.333328 0.333328 0.333328 -0.331726
texcoord0 0.000000 1.000000 0.000000 1.000000
gl_Position0 -1.801910 3.414581 4.706268 4.901489
---------------------------------------------------
color_light 0.333328 0.333328 0.333328 -0.331726
texcoord0 0.000000 1.000000 0.000000 1.000000
gl_Position0 -1.801910 3.414581 4.706268 4.901489
---------------------------------------------------
color_light 0.333328 0.333328 0.333328 -0.331726
texcoord0 0.000000 0.000000 0.000000 1.000000
gl_Position0 -2.052872 0.001358 6.115616 6.309433
---------------------------------------------------
color_light 0.333328 0.333328 0.333328 -0.331726
texcoord0 1.000000 0.000000 0.000000 1.000000
gl_Position0 1.551102 0.001358 6.311722 6.505356
---------------------------------------------------
color_light 0.336075 0.336075 0.336075 -0.327789
texcoord0 0.000000 1.000000 0.000000 1.000000
gl_Position0 2.052826 -0.001373 3.494156 3.690582
---------------------------------------------------
color_light 0.336075 0.336075 0.336075 -0.327789
texcoord0 1.000000 0.000000 0.000000 1.000000
gl_Position0 1.551102 0.001358 6.311722 6.505356
---------------------------------------------------
color_light 0.336075 0.336075 0.336075 -0.327789
texcoord0 0.000000 0.000000 0.000000 1.000000
gl_Position0 1.801865 -3.414597 4.903503 5.098526
---------------------------------------------------
color_light 0.336075 0.336075 0.336075 -0.327789
texcoord0 1.000000 0.000000 0.000000 1.000000
gl_Position0 1.551102 0.001358 6.311722 6.505356
---------------------------------------------------
color_light 0.336075 0.336075 0.336075 -0.327789
texcoord0 0.000000 1.000000 0.000000 1.000000
gl_Position0 2.052826 -0.001373 3.494156 3.690582
---------------------------------------------------
color_light 0.336075 0.336075 0.336075 -0.327789
texcoord0 1.000000 1.000000 0.000000 1.000000
gl_Position0 1.802063 3.414581 4.902390 5.097412
---------------------------------------------------
color_light 0.333328 0.333328 0.333328 -0.331726
texcoord0 0.000000 1.000000 0.000000 1.000000
gl_Position0 -1.551147 -0.001373 3.298050 3.494659
---------------------------------------------------
color_light 0.333328 0.333328 0.333328 -0.331726
texcoord0 0.000000 0.000000 0.000000 1.000000
gl_Position0 -1.802109 -3.414597 4.707382 4.902603
---------------------------------------------------
color_light 0.333328 0.333328 0.333328 -0.331726
texcoord0 1.000000 0.000000 0.000000 1.000000
gl_Position0 -2.052872 0.001358 6.115616 6.309433
---------------------------------------------------
color_light 0.333328 0.333328 0.333328 -0.331726
texcoord0 1.000000 1.000000 0.000000 1.000000
gl_Position0 -1.801910 3.414581 4.706268 4.901489
---------------------------------------------------
color_light 0.333328 0.333328 0.333328 -0.331726
texcoord0 0.000000 1.000000 0.000000 1.000000
gl_Position0 -1.551147 -0.001373 3.298050 3.494659
---------------------------------------------------
color_light 0.333328 0.333328 0.333328 -0.331726
texcoord0 1.000000 0.000000 0.000000 1.000000
gl_Position0 -2.052872 0.001358 6.115616 6.309433
---------------------------------------------------
