color_light 0.441528 0.441528 0.441528 -0.178757
texcoord0 0.000000 1.000000 0.000000 1.000000
gl_Position0 -1.810715 3.414581 4.804306 4.999435
---------------------------------------------------
color_light 0.441528 0.441528 0.441528 -0.178757
texcoord0 1.000000 1.000000 0.000000 1.000000
gl_Position0 1.810715 3.414581 4.804306 4.999435
---------------------------------------------------
color_light 0.441528 0.441528 0.441528 -0.178757
texcoord0 1.000000 0.000000 0.000000 1.000000
gl_Position0 1.810715 -0.001373 3.389282 3.585800
---------------------------------------------------
color_light 0.441528 0.441528 0.441528 -0.178757
texcoord0 0.000000 1.000000 0.000000 1.000000
gl_Position0 -1.810715 3.414581 4.804306 4.999435
---------------------------------------------------
color_light 0.441528 0.441528 0.441528 -0.178757
texcoord0 1.000000 0.000000 0.000000 1.000000
gl_Position0 1.810715 -0.001373 3.389282 3.585800
---------------------------------------------------
color_light 0.441528 0.441528 0.441528 -0.178757
texcoord0 0.000000 0.000000 0.000000 1.000000
gl_Position0 -1.810715 -0.001373 3.389282 3.585800
---------------------------------------------------
color_light 0.333328 0.333328 0.333328 -0.333328
texcoord0 1.000000 1.000000 0.000000 1.000000
gl_Position0 -1.810715 0.001358 6.220474 6.414200
---------------------------------------------------
color_light 0.333328 0.333328 0.333328 -0.333328
texcoord0 0.000000 0.000000 0.000000 1.000000
gl_Position0 1.810715 -3.414597 4.805450 5.000565
---------------------------------------------------
color_light 0.333328 0.333328 0.333328 -0.333328
texcoord0 0.000000 0.999985 0.000000 1.000000
gl_Position0 1.810715 0.001358 6.220474 6.414200
---------------------------------------------------
color_light 0.333328 0.333328 0.333328 -0.333328
texcoord0 1.000000 1.000000 0.000000 1.000000
gl_Position0 -1.810715 0.001358 6.220474 6.414200
---------------------------------------------------
color_light 0.333328 0.333328 0.333328 -0.333328
texcoord0 1.000000 0.000000 0.000000 1.000000
gl_Position0 -1.810715 -3.414597 4.805450 5.000565
---------------------------------------------------
color_light 0.333328 0.333328 0.333328 -0.333328
texcoord0 0.000000 0.000000 0.000000 1.000000
gl_Position0 1.810715 -3.414597 4.805450 5.000565
---------------------------------------------------
color_light 0.333328 0.333328 0.333328 -0.333328
texcoord0 1.000000 0.000000 0.000000 1.000000
gl_Position0 1.810715 -3.414597 4.805450 5.000565
---------------------------------------------------
color_light 0.333328 0.333328 0.333328 -0.333328
texcoord0 0.000000 1.000000 0.000000 1.000000
gl_Position0 -1.810715 -0.001373 3.389282 3.585800
---------------------------------------------------
color_light 0.333328 0.333328 0.333328 -0.333328
texcoord0 1.000000 1.000000 0.000000 1.000000
gl_Position0 1.810715 -0.001373 3.389282 3.585800
---------------------------------------------------
color_light 0.333328 0.333328 0.333328 -0.333328
texcoord0 0.000000 1.000000 0.000000 1.000000
gl_Position0 -1.810715 -0.001373 3.389282 3.585800
---------------------------------------------------
color_light 0.333328 0.333328 0.333328 -0.333328
texcoord0 1.000000 0.000000 0.000000 1.000000
gl_Position0 1.810715 -3.414597 4.805450 5.000565
---------------------------------------------------
color_light 0.333328 0.333328 0.333328 -0.333328
texcoord0 0.000000 0.000000 0.000000 1.000000
gl_Position0 -1.810715 -3.414597 4.805450 5.000565
---------------------------------------------------
color_light 0.333328 0.333328 0.333328 -0.333328
texcoord0 1.000000 0.000000 0.000000 1.000000
gl_Position0 1.810715 0.001358 6.220474 6.414200
---------------------------------------------------
color_light 0.333328 0.333328 0.333328 -0.333328
texcoord0 1.000000 1.000000 0.000000 1.000000
gl_Position0 1.810715 3.414581 4.804306 4.999435
---------------------------------------------------
color_light 0.333328 0.333328 0.333328 -0.333328
texcoord0 0.000000 1.000000 0.000000 1.000000
gl_Position0 -1.810715 3.414581 4.804306 4.999435
---------------------------------------------------
color_light 0.333328 0.333328 0.333328 -0.333328
texcoord0 0.000000 1.000000 0.000000 1.000000
gl_Position0 -1.810715 3.414581 4.804306 4.999435
---------------------------------------------------
color_light 0.333328 0.333328 0.333328 -0.333328
texcoord0 0.000000 0.000000 0.000000 1.000000
gl_Position0 -1.810715 0.001358 6.220474 6.414200
---------------------------------------------------
color_light 0.333328 0.333328 0.333328 -0.333328
texcoord0 1.000000 0.000000 0.000000 1.000000
gl_Position0 1.810715 0.001358 6.220474 6.414200
---------------------------------------------------
color_light 0.339584 0.339584 0.339584 -0.324387
texcoord0 0.000000 1.000000 0.000000 1.000000
gl_Position0 1.810715 -0.001373 3.389282 3.585800
---------------------------------------------------
color_light 0.339584 0.339584 0.339584 -0.324387
texcoord0 1.000000 0.000000 0.000000 1.000000
gl_Position0 1.810715 0.001358 6.220474 6.414200
---------------------------------------------------
color_light 0.339584 0.339584 0.339584 -0.324387
texcoord0 0.000000 0.000000 0.000000 1.000000
gl_Position0 1.810715 -3.414597 4.805450 5.000565
---------------------------------------------------
color_light 0.339584 0.339584 0.339584 -0.324387
texcoord0 1.000000 0.000000 0.000000 1.000000
gl_Position0 1.810715 0.001358 6.220474 6.414200
---------------------------------------------------
color_light 0.339584 0.339584 0.339584 -0.324387
texcoord0 0.000000 1.000000 0.000000 1.000000
gl_Position0 1.810715 -0.001373 3.389282 3.585800
---------------------------------------------------
color_light 0.339584 0.339584 0.339584 -0.324387
texcoord0 1.000000 1.000000 0.000000 1.000000
gl_Position0 1.810715 3.414581 4.804306 4.999435
---------------------------------------------------
color_light 0.333328 0.333328 0.333328 -0.333328
texcoord0 0.000000 1.000000 0.000000 1.000000
gl_Position0 -1.810715 -0.001373 3.389282 3.585800
---------------------------------------------------
color_light 0.333328 0.333328 0.333328 -0.333328
texcoord0 0.000000 0.000000 0.000000 1.000000
gl_Position0 -1.810715 -3.414597 4.805450 5.000565
---------------------------------------------------
color_light 0.333328 0.333328 0.333328 -0.333328
texcoord0 1.000000 0.000000 0.000000 1.000000
gl_Position0 -1.810715 0.001358 6.220474 6.414200
---------------------------------------------------
color_light 0.333328 0.333328 0.333328 -0.333328
texcoord0 1.000000 1.000000 0.000000 1.000000
gl_Position0 -1.810715 3.414581 4.804306 4.999435
---------------------------------------------------
color_light 0.333328 0.333328 0.333328 -0.333328
texcoord0 0.000000 1.000000 0.000000 1.000000
gl_Position0 -1.810715 -0.001373 3.389282 3.585800
---------------------------------------------------
color_light 0.333328 0.333328 0.333328 -0.333328
texcoord0 1.000000 0.000000 0.000000 1.000000
gl_Position0 -1.810715 0.001358 6.220474 6.414200
---------------------------------------------------
